        Frequency / GHz                S1,1/abs,dB
----------------------------------------------------------------------
                     0,1                     -0,23582556
                  0,1149                     -0,24406439
              0,12980001                     -0,25253152
              0,14470001                     -0,26094308
                  0,1596                     -0,26902372
                  0,1745                     -0,27651446
                  0,1894                     -0,28318465
                  0,2043                     -0,28883714
                  0,2192                     -0,29332187
                  0,2341                     -0,29653551
                   0,249                     -0,29842739
              0,26390001                     -0,29900121
              0,27880001                     -0,29831291
              0,29370001                     -0,29646564
              0,30860001                     -0,29360606
              0,32350001                     -0,28991661
              0,33840001                     -0,28560664
              0,35330001                     -0,28090179
                  0,3682                     -0,27603457
                  0,3831                     -0,27123456
                   0,398                     -0,26671919
                  0,4129                     -0,26268525
                  0,4278                     -0,25929901
                  0,4427                     -0,25669553
                  0,4576                     -0,25496808
                  0,4725                      -0,2541707
                  0,4874                     -0,25431342
              0,50230002                     -0,25536621
              0,51719999                     -0,25725952
              0,53210002                     -0,25989078
              0,54699999                     -0,26312597
              0,56190002                     -0,26681037
              0,57679999                     -0,27077156
              0,59170002                     -0,27483209
              0,60659999                     -0,27881437
              0,62150002                     -0,28254933
              0,63639998                     -0,28588439
              0,65130001                     -0,28868936
              0,66619998                     -0,29086232
              0,68110001                     -0,29233445
              0,69599998                     -0,29307137
              0,71090001                     -0,29307373
              0,72579998                     -0,29237779
              0,74070001                     -0,29105233
              0,75559998                     -0,28919352
                  0,7705                     -0,28692108
              0,78539997                     -0,28437232
                  0,8003                     -0,28169708
              0,81519997                     -0,27904535
                  0,8301                     -0,27656736
              0,84500003                     -0,27440119
                  0,8599                     -0,27267159
              0,87480003                     -0,27147993
                  0,8897                     -0,27090734
              0,90460002                     -0,27100421
              0,91949999                     -0,27179459
              0,93440002                     -0,27327327
              0,94929999                     -0,27540664
              0,96420002                      -0,2781364
              0,97909999                      -0,2813833
              0,99400002                     -0,28504832
                  1,0089                     -0,28902038
                  1,0238                     -0,29318229
                  1,0387                     -0,29741422
                  1,0536                     -0,30159964
                  1,0685                     -0,30563226
                  1,0834                     -0,30942129
                  1,0983                     -0,31289275
               1,1131999                     -0,31599618
                  1,1281                     -0,31870385
                   1,143                      -0,3210142
                  1,1579                     -0,32295051
               1,1727999                     -0,32455992
                  1,1877                     -0,32591247
                  1,2026                     -0,32709509
                  1,2175                     -0,32820948
               1,2323999                     -0,32936773
                  1,2473                     -0,33068751
                  1,2622                     -0,33228642
                  1,2771                     -0,33427825
               1,2920001                     -0,33676726
                  1,3069                      -0,3398461
                  1,3218                     -0,34359123
                  1,3367                     -0,34806202
               1,3516001                     -0,35329862
                  1,3665                     -0,35931876
                  1,3814                     -0,36612383
                  1,3963                     -0,37369414
                  1,4112                     -0,38199562
                  1,4261                     -0,39097933
                   1,441                     -0,40058596
                  1,4559                     -0,41074994
                  1,4708                     -0,42140305
                  1,4857                     -0,43247787
                  1,5006                     -0,44391198
               1,5154999                     -0,45565385
                  1,5304                      -0,4676624
                  1,5453                     -0,47991252
                  1,5602                     -0,49239722
               1,5750999                     -0,50512672
                    1,59                     -0,51813254
                  1,6049                     -0,53146328
                  1,6198                     -0,54518758
               1,6346999                     -0,55938901
                  1,6496                     -0,57416686
                  1,6645                     -0,58963242
                  1,6794                      -0,6059047
               1,6943001                     -0,62310737
                  1,7092                     -0,64136819
                  1,7241                     -0,66081262
                   1,739                     -0,68156302
               1,7539001                     -0,70373272
                  1,7688                     -0,72742934
                  1,7837                     -0,75274563
                  1,7986                     -0,77976666
                  1,8135                     -0,80856434
                  1,8284                     -0,83919472
                  1,8433                      -0,8717073
                  1,8582                     -0,90613594
                  1,8731                      -0,9425089
                   1,888                     -0,98084678
                  1,9029                      -1,0211636
               1,9177999                      -1,0634723
                  1,9327                      -1,1077871
                  1,9476                      -1,1541241
                  1,9625                      -1,2025052
               1,9773999                      -1,2529597
                  1,9923                      -1,3055294
                  2,0072                      -1,3602658
                  2,0221                       -1,417234
               2,0369999                      -1,4765152
               2,0518999                      -1,5382021
               2,0668001                       -1,602404
               2,0817001                      -1,6692414
               2,0966001                      -1,7388501
                  2,1115                      -1,8113758
                  2,1264                      -1,8869711
                  2,1413                      -1,9657975
               2,1561999                      -2,0480183
               2,1710999                      -2,1337982
               2,1860001                      -2,2232988
               2,2009001                      -2,3166778
                  2,2158                      -2,4140827
                  2,2307                      -2,5156492
                  2,2456                      -2,6215001
                  2,2605                      -2,7317366
               2,2753999                      -2,8464422
               2,2902999                      -2,9656781
               2,3052001                      -3,0894768
               2,3201001                      -3,2178452
                   2,335                      -3,3507613
                  2,3499                      -3,4881694
                  2,3648                      -3,6299835
               2,3796999                      -3,7760837
               2,3945999                      -3,9263152
               2,4094999                      -4,0804912
               2,4244001                      -4,2383873
               2,4393001                      -4,3997477
                  2,4542                      -4,5642833
                  2,4691                      -4,7316741
                   2,484                      -4,9015707
               2,4988999                      -5,0735965
               2,5137999                      -5,2473509
               2,5287001                      -5,4224176
               2,5436001                      -5,5983602
               2,5585001                      -5,7747324
                  2,5734                      -5,9510848
                  2,5883                      -6,1269652
                  2,6032                      -6,3019276
               2,6180999                      -6,4755369
               2,6329999                      -6,6473754
               2,6479001                      -6,8170462
               2,6628001                      -6,9841806
                  2,6777                      -7,1484397
                  2,6926                      -7,3095173
                  2,7075                      -7,4671458
                  2,7224                      -7,6210943
               2,7372999                      -7,7711711
               2,7521999                      -7,9172205
               2,7671001                      -8,0591226
               2,7820001                      -8,1967933
                  2,7969                      -8,3301772
                  2,8118                      -8,4592474
                  2,8267                      -8,5840012
               2,8415999                      -8,7044561
               2,8564999                      -8,8206459
               2,8714001                      -8,9326218
               2,8863001                      -9,0404431
               2,9012001                      -9,1441823
                  2,9161                      -9,2439197
                   2,931                      -9,3397444
                  2,9459                       -9,431752
               2,9607999                       -9,520047
               2,9756999                      -9,6047413
               2,9906001                      -9,6859553
               3,0055001                      -9,7638172
                  3,0204                      -9,8384617
                  3,0353                      -9,9100343
                  3,0502                      -9,9786808
                  3,0651                      -10,044555
               3,0799999                      -10,107809
               3,0948999                      -10,168592
               3,1098001                      -10,227049
               3,1247001                      -10,283312
                  3,1396                      -10,337503
                  3,1545                      -10,389717
                  3,1694                      -10,440033
               3,1842999                        -10,4885
               3,1991999                      -10,535137
               3,2140999                      -10,579932
               3,2290001                      -10,622843
               3,2439001                      -10,663791
                  3,2588                      -10,702673
                  3,2737                      -10,739356
                  3,2886                      -10,773687
               3,3034999                      -10,805502
               3,3183999                      -10,834624
               3,3333001                      -10,860882
               3,3482001                      -10,884114
               3,3631001                      -10,904177
                   3,378                      -10,920962
                  3,3929                      -10,934392
                  3,4078                      -10,944439
               3,4226999                      -10,951121
               3,4375999                      -10,954513
               3,4525001                      -10,954745
               3,4674001                      -10,951998
                  3,4823                      -10,946508
                  3,4972                      -10,938556
                  3,5121                      -10,928459
                   3,527                      -10,916569
               3,5418999                      -10,903255
               3,5567999                      -10,888903
               3,5717001                      -10,873896
               3,5866001                      -10,858609
                  3,6015                      -10,843406
                  3,6164                      -10,828624
                  3,6313                      -10,814572
               3,6461999                      -10,801524
               3,6610999                      -10,789723
               3,6760001                      -10,779371
               3,6909001                      -10,770636
               3,7058001                      -10,763658
                  3,7207                      -10,758543
                  3,7356                      -10,755379
                  3,7505                      -10,754238
               3,7653999                      -10,755186
               3,7802999                      -10,758289
               3,7952001                      -10,763625
               3,8101001                      -10,771291
                   3,825                      -10,781414
                  3,8399                      -10,794153
                  3,8548                      -10,809717
                  3,8697                      -10,828358
               3,8845999                      -10,850385
               3,8994999                      -10,876166
               3,9144001                      -10,906123
               3,9293001                      -10,940742
                  3,9442                      -10,980563
                  3,9591                      -11,026183
                   3,974                      -11,078254
               3,9888999                      -11,137472
               4,0037999                       -11,20458
               4,0187001                      -11,280362
               4,0335999                      -11,365632
               4,0485001                       -11,46124
               4,0633998                      -11,568062
                  4,0783                      -11,686998
               4,0932002                      -11,818972
               4,1080999                      -11,964928
               4,1230001                      -12,125831
               4,1378999                      -12,302669
               4,1528001                      -12,496452
               4,1676998                      -12,708212
                  4,1826                      -12,939014
               4,1975002                      -13,189946
                  4,2124                      -13,462134
               4,2273002                      -13,756736
               4,2421999                      -14,074946
               4,2571001                      -14,417991
               4,2719998                      -14,787125
                  4,2869                      -15,183615
               4,3017998                      -15,608722
                  4,3167                      -16,063655
               4,3316002                      -16,549507
               4,3464999                      -17,067156
               4,3614001                      -17,617105
               4,3762999                      -18,199228
               4,3912001                      -18,812414
               4,4060998                      -19,454017
                   4,421                      -20,119082
               4,4359002                      -20,799291
               4,4507999                      -21,481657
               4,4657001                      -22,147161
               4,4805999                      -22,769882
               4,4955001                       -23,31767
               4,5103998                       -23,75563
                  4,5253                      -24,053003
               4,5402002                      -24,191711
                  4,5551                      -24,172398
               4,5700002                       -24,01417
               4,5848999                      -23,748202
               4,5998001                      -23,409195
               4,6146998                      -23,028714
                  4,6296                      -22,631943
               4,6444998                       -22,23717
                  4,6594                      -21,856717
               4,6743002                      -21,498304
               4,6891999                      -21,166347
               4,7041001                      -20,862977
               4,7189999                      -20,588801
               4,7339001                      -20,343423
               4,7487998                      -20,125806
                  4,7637                      -19,934506
               4,7786002                      -19,767823
               4,7934999                      -19,623918
               4,8084002                      -19,500862
               4,8232999                       -19,39669
               4,8382001                      -19,309432
               4,8530998                       -19,23713
                   4,868                      -19,177854
               4,8829002                      -19,129717
                  4,8978                      -19,090887
               4,9127002                      -19,059594
               4,9275999                      -19,034138
               4,9425001                      -19,012901
               4,9573998                      -18,994346
               4,9723001                      -18,977026
               4,9871998                      -18,959576
                  5,0021                      -18,940724
               5,0170002                      -18,919275
               5,0318999                      -18,894115
               5,0468001                      -18,864203
               5,0616999                      -18,828568
               5,0766001                      -18,786311
               5,0914998                      -18,736598
                  5,1064                      -18,678677
               5,1213002                      -18,611887
                  5,1362                      -18,535667
               5,1511002                       -18,44958
               5,1659999                      -18,353337
               5,1809001                      -18,246813
               5,1957998                      -18,130069
                  5,2107                      -18,003365
               5,2255998                      -17,867165
                  5,2405                      -17,722142
               5,2554002                      -17,569162
               5,2702999                      -17,409271
               5,2852001                      -17,243665
               5,3000998                      -17,073658
               5,3150001                      -16,900651
               5,3298998                      -16,726098
                  5,3448                       -16,55146
               5,3597002                      -16,378183
               5,3745999                      -16,207667
               5,3895001                      -16,041238
               5,4043999                      -15,880132
               5,4193001                      -15,725482
               5,4341998                      -15,578306
                  5,4491                      -15,439498
               5,4640002                      -15,309835
                  5,4789                      -15,189964
               5,4938002                      -15,080419
               5,5086999                      -14,981609
               5,5236001                      -14,893836
               5,5384998                      -14,817294
                  5,5534                      -14,752076
               5,5682998                       -14,69818
                  5,5832                      -14,655517
               5,5981002                       -14,62392
               5,6129999                      -14,603147
               5,6279001                      -14,592893
               5,6427999                      -14,592795
               5,6577001                       -14,60244
               5,6725998                      -14,621378
                  5,6875                      -14,649126
               5,7024002                       -14,68518
               5,7172999                       -14,72902
               5,7322001                      -14,780125
               5,7470999                      -14,837975
               5,7620001                      -14,902061
               5,7768998                      -14,971887
                  5,7918                      -15,046977
               5,8067002                      -15,126876
                  5,8216                      -15,211143
               5,8365002                      -15,299355
               5,8513999                      -15,391093
               5,8663001                      -15,485932
               5,8811998                      -15,583429
                  5,8961                      -15,683108
               5,9109998                      -15,784437
                  5,9259                      -15,886813
               5,9408002                       -15,98954
               5,9556999                      -16,091813
               5,9706001                      -16,192703
               5,9854999                      -16,291147
               6,0004001                      -16,385941
               6,0152998                      -16,475755
                  6,0302                      -16,559142
               6,0451002                       -16,63457
               6,0599999                      -16,700467
               6,0749002                      -16,755269
               6,0897999                      -16,797495
               6,1047001                      -16,825803
               6,1195998                      -16,839075
                  6,1345                      -16,836471
               6,1494002                      -16,817491
                  6,1643                      -16,781998
               6,1792002                       -16,73024
               6,1940999                      -16,662828
               6,2090001                      -16,580704
               6,2238998                      -16,485085
                  6,2388                      -16,377398
               6,2536998                      -16,259201
                  6,2686                      -16,132117
               6,2835002                      -15,997757
               6,2983999                      -15,857679
               6,3133001                      -15,713323
               6,3281999                      -15,565992
               6,3431001                      -15,416832
               6,3579998                      -15,266819
                  6,3729                      -15,116763
               6,3878002                      -14,967311
               6,4026999                      -14,818975
               6,4176002                      -14,672135
               6,4324999                      -14,527073
               6,4474001                      -14,383988
               6,4622998                      -14,243021
                  6,4772                      -14,104273
               6,4920998                      -13,967834
                   6,507                      -13,833788
               6,5219002                      -13,702234
               6,5367999                      -13,573294
               6,5517001                      -13,447126
               6,5665998                      -13,323918
               6,5815001                      -13,203895
               6,5963998                      -13,087317
                  6,6113                       -12,97447
               6,6262002                       -12,86566
               6,6410999                      -12,761207
               6,6560001                      -12,661433
               6,6708999                      -12,566651
               6,6858001                      -12,477154
               6,7006998                      -12,393214
                  6,7156                      -12,315062
               6,7305002                      -12,242889
                  6,7454                      -12,176833
               6,7603002                      -12,116984
               6,7751999                      -12,063368
               6,7901001                      -12,015961
               6,8049998                      -11,974679
                  6,8199                       -11,93938
               6,8347998                       -11,90988
                  6,8497                      -11,885942
               6,8646002                      -11,867296
               6,8794999                      -11,853644
               6,8944001                      -11,844665
               6,9092999                      -11,840034
               6,9242001                      -11,839429
               6,9390998                      -11,842538
                   6,954                      -11,849081
               6,9689002                      -11,858809
               6,9837999                      -11,871519
               6,9987001                      -11,887064
               7,0135999                      -11,905353
               7,0285001                      -11,926354
               7,0433998                        -11,9501
                  7,0583                      -11,976686
               7,0732002                       -12,00626
                  7,0881                      -12,039021
               7,1030002                      -12,075212
               7,1178999                      -12,115104
               7,1328001                      -12,158993
               7,1476998                      -12,207185
                  7,1626                      -12,259985
               7,1774998                      -12,317687
                  7,1924                      -12,380568
               7,2073002                      -12,448875
               7,2221999                      -12,522822
               7,2371001                      -12,602588
               7,2519999                      -12,688311
               7,2669001                      -12,780094
               7,2817998                      -12,878005
                  7,2967                      -12,982085
               7,3116002                      -13,092356
               7,3264999                      -13,208835
               7,3414001                      -13,331544
               7,3562999                      -13,460531
               7,3712001                      -13,595882
               7,3860998                      -13,737746
                   7,401                      -13,886349
               7,4159002                      -14,042016
                  7,4308                       -14,20519
               7,4457002                      -14,376455
               7,4605999                      -14,556539
               7,4755001                      -14,746347
               7,4903998                      -14,946964
                  7,5053                      -15,159668
               7,5201998                       -15,38595
                  7,5351                      -15,627519
               7,5500002                      -15,886327
               7,5648999                      -16,164581
               7,5798001                      -16,464775
               7,5946999                      -16,789725
               7,6096001                       -17,14262
               7,6244998                      -17,527091
                  7,6394                      -17,947305
               7,6543002                      -18,408099
               7,6691999                      -18,915155
               7,6841002                      -19,475261
               7,6989999                      -20,096657
               7,7139001                      -20,789554
               7,7287998                      -21,566874
                  7,7437                      -22,445374
               7,7586002                      -23,447368
                  7,7735                      -24,603443
               7,7884002                      -25,956833
               7,8032999                      -27,570359
               7,8182001                      -29,535914
               7,8330998                      -31,974788
                   7,848                      -34,921996
               7,8628998                      -37,456266
                  7,8778                      -36,765077
               7,8927002                      -33,808847
               7,9075999                      -30,995735
               7,9225001                      -28,711429
               7,9373999                      -26,855228
               7,9523001                       -25,31348
               7,9671998                      -24,005321
                  7,9821                      -22,875594
               7,9970002                      -21,886018
               8,0118999                      -21,009256
               8,0268002                      -20,225229
               8,0417004                       -19,51881
               8,0565996                      -18,878351
               8,0714998                      -18,294721
                  8,0864                      -17,760653
               8,1013002                      -17,270289
               8,1162004                      -16,818867
               8,1310997                      -16,402477
               8,1459999                        -16,0179
               8,1609001                      -15,662459
               8,1758003                      -15,333925
               8,1906996                      -15,030422
               8,2055998                      -14,750359
                  8,2205                      -14,492365
               8,2354002                      -14,255231
               8,2503004                      -14,037854
               8,2651997                      -13,839192
               8,2800999                      -13,658208
               8,2950001                      -13,493827
               8,3099003                      -13,344879
               8,3247995                      -13,210053
               8,3396997                      -13,087844
                  8,3546                      -12,976508
               8,3695002                      -12,874012
               8,3844004                      -12,778002
               8,3992996                      -12,685774
               8,4141998                      -12,594273
                  8,4291                      -12,500115
               8,4440002                      -12,399648
               8,4589005                      -12,289056
               8,4737997                      -12,164512
               8,4886999                      -12,022364
               8,5036001                      -11,859366
               8,5185003                      -11,672901
               8,5333996                      -11,461191
               8,5482998                      -11,223446
                  8,5632                      -10,959932
               8,5781002                      -10,671955
               8,5930004                      -10,361735
               8,6078997                      -10,032241
               8,6227999                      -9,6869532
               8,6377001                      -9,3296409
               8,6526003                      -8,9641499
               8,6674995                      -8,5942254
               8,6823997                      -8,2233776
                  8,6973                      -7,8548067
               8,7122002                      -7,4913449
               8,7271004                       -7,135447
               8,7419996                      -6,7892001
               8,7568998                      -6,4543412
                  8,7718                      -6,1322877
               8,7867002                      -5,8241802
               8,8016005                      -5,5309066
               8,8164997                      -5,2531398
               8,8313999                      -4,9913679
               8,8463001                      -4,7459204
               8,8612003                      -4,5169891
               8,8760996                       -4,304647
               8,8909998                      -4,1088657
                  8,9059                      -3,9295261
               8,9208002                      -3,7664277
               8,9357004                      -3,6192957
               8,9505997                      -3,4877876
               8,9654999                      -3,3714966
               8,9804001                      -3,2699551
               8,9953003                      -3,1826326
               9,0101995                      -3,1089374
               9,0250998                      -3,0482203
                    9,04                      -2,9997719
               9,0549002                      -2,9628241
               9,0698004                      -2,9365491
               9,0846996                       -2,920064
               9,0995998                      -2,9124371
                  9,1145                      -2,9126842
               9,1294003                      -2,9197875
               9,1443005                      -2,9326976
               9,1591997                      -2,9503472
               9,1740999                      -2,9716671
               9,1890001                      -2,9956018
               9,2039003                      -3,0211328
               9,2187996                        -3,04729
               9,2336998                      -3,0731821
                  9,2486                      -3,0980109
               9,2635002                      -3,1210876
               9,2784004                      -3,1418552
               9,2932997                      -3,1598935
               9,3081999                      -3,1749272
               9,3231001                      -3,1868281
               9,3380003                      -3,1956065
               9,3528996                      -3,2014052
               9,3677998                       -3,204482
                  9,3827                       -3,205192
               9,3976002                      -3,2039606
               9,4125004                      -3,2012692
               9,4273996                      -3,1976206
               9,4422998                      -3,1935263
               9,4572001                      -3,1894753
               9,4721003                      -3,1859245
               9,4870005                      -3,1832721
               9,5018997                      -3,1818542
               9,5167999                      -3,1819298
               9,5317001                      -3,1836741
               9,5466003                      -3,1871811
               9,5614996                      -3,1924565
               9,5763998                      -3,1994275
                  9,5913                      -3,2079455
               9,6062002                      -3,2177946
               9,6211004                      -3,2287055
               9,6359997                      -3,2403642
               9,6508999                      -3,2524297
               9,6658001                      -3,2645482
               9,6807003                      -3,2763679
               9,6955996                      -3,2875551
               9,7104998                      -3,2978079
                  9,7254                      -3,3068693
               9,7403002                      -3,3145424
               9,7552004                      -3,3206886
               9,7700996                      -3,3252441
               9,7849998                      -3,3282132
               9,7999001                      -3,3296714
               9,8148003                      -3,3297578
               9,8297005                      -3,3286698
               9,8445997                      -3,3266502
               9,8594999                      -3,3239779
               9,8744001                      -3,3209523
               9,8893003                       -3,317881
               9,9041996                      -3,3150664
               9,9190998                      -3,3127913
                   9,934                      -3,3113114
               9,9489002                      -3,3108407
               9,9638004                      -3,3115454
               9,9786997                      -3,3135408
               9,9935999                      -3,3168852
                 10,0085                      -3,3215794
                 10,0234                        -3,32757
                 10,0383                      -3,3347511
                 10,0532                      -3,3429693
                 10,0681                      -3,3520347
                  10,083                      -3,3617299
                 10,0979                      -3,3718157
                 10,1128                      -3,3820481
                 10,1277                      -3,3921878
                 10,1426                      -3,4020086
                 10,1575                      -3,4113129
                 10,1724                      -3,4199387
                 10,1873                      -3,4277694
                 10,2022                      -3,4347352
                 10,2171                      -3,4408219
                  10,232                      -3,4460681
                 10,2469                      -3,4505624
                 10,2618                      -3,4544461
                 10,2767                      -3,4578986
                 10,2916                      -3,4611333
                 10,3065                      -3,4643897
                 10,3214                      -3,4679189
                 10,3363                      -3,4719775
                 10,3512                      -3,4768134
                 10,3661                      -3,4826566
                  10,381                      -3,4897138
                 10,3959                      -3,4981554
                 10,4108                       -3,508116
                 10,4257                      -3,5196826
                 10,4406                      -3,5329008
                 10,4555                      -3,5477694
                 10,4704                      -3,5642417
                 10,4853                       -3,582232
                 10,5002                      -3,6016191
                 10,5151                      -3,6222549
                   10,53                      -3,6439709
                 10,5449                       -3,666585
                 10,5598                      -3,6899149
                 10,5747                      -3,7137898
                 10,5896                      -3,7380492
                 10,6045                      -3,7625639
                 10,6194                      -3,7872369
                 10,6343                      -3,8120098
                 10,6492                      -3,8368676
                 10,6641                      -3,8618429
                  10,679                      -3,8870127
                 10,6939                      -3,9125002
                 10,7088                      -3,9384653
                 10,7237                      -3,9651056
                 10,7386                      -3,9926445
                 10,7535                      -4,0213245
                 10,7684                       -4,051398
                 10,7833                      -4,0831175
                 10,7982                      -4,1167312
                 10,8131                      -4,1524667
                  10,828                      -4,1905276
                 10,8429                      -4,2310889
                 10,8578                      -4,2742884
                 10,8727                      -4,3202217
                 10,8876                       -4,368946
                 10,9025                      -4,4204735
                 10,9174                       -4,474775
                 10,9323                      -4,5317853
                 10,9472                      -4,5914026
                 10,9621                      -4,6534963
                  10,977                      -4,7179144
                 10,9919                      -4,7844912
                 11,0068                      -4,8530575
                 11,0217                      -4,9234434
                 11,0366                      -4,9954933
                 11,0515                      -5,0690721
                 11,0664                      -5,1440711
                 11,0813                      -5,2204169
                 11,0962                      -5,2980754
                 11,1111                       -5,377054
                  11,126                      -5,4574054
                 11,1409                       -5,539225
                 11,1558                      -5,6226488
                 11,1707                      -5,7078505
                 11,1856                      -5,7950349
                 11,2005                      -5,8844313
                 11,2154                      -5,9762864
                 11,2303                      -6,0708525
                 11,2452                      -6,1683838
                 11,2601                      -6,2691242
                  11,275                       -6,373302
                 11,2899                      -6,4811219
                 11,3048                      -6,5927569
                 11,3197                       -6,708347
                 11,3346                      -6,8279941
                 11,3495                      -6,9517597
                 11,3644                      -7,0796676
                 11,3793                      -7,2117013
                 11,3942                      -7,3478107
                 11,4091                      -7,4879143
                  11,424                      -7,6319061
                 11,4389                       -7,779663
                 11,4538                      -7,9310529
                 11,4687                      -8,0859396
                 11,4836                      -8,2441971
                 11,4985                      -8,4057142
                 11,5134                      -8,5704028
                 11,5283                      -8,7382064
                 11,5432                      -8,9091033
                 11,5581                      -9,0831122
                  11,573                      -9,2602922
                 11,5879                      -9,4407405
                 11,6028                      -9,6245956
                 11,6177                      -9,8120235
                 11,6326                      -10,003217
                 11,6475                      -10,198378
                 11,6624                      -10,397717
                 11,6773                      -10,601426
                 11,6922                      -10,809677
                 11,7071                      -11,022593
                  11,722                      -11,240243
                 11,7369                       -11,46262
                 11,7518                      -11,689624
                 11,7667                      -11,921045
                 11,7816                      -12,156545
                 11,7965                      -12,395646
                 11,8114                       -12,63771
                 11,8263                       -12,88193
                 11,8412                      -13,127312
                 11,8561                      -13,372672
                  11,871                      -13,616627
                 11,8859                      -13,857592
                 11,9008                      -14,093794
                 11,9157                      -14,323275
                 11,9306                      -14,543921
                 11,9455                      -14,753493
                 11,9604                      -14,949675
                 11,9753                      -15,130126
                 11,9902                      -15,292557
                 12,0051                      -15,434801
                   12,02                      -15,554908
                 12,0349                      -15,651216
                 12,0498                       -15,72244
                 12,0647                      -15,767732
                 12,0796                      -15,786726
                 12,0945                       -15,77956
                 12,1094                      -15,746869
                 12,1243                      -15,689749
                 12,1392                      -15,609705
                 12,1541                      -15,508574
                  12,169                      -15,388443
                 12,1839                      -15,251558
                 12,1988                      -15,100244
                 12,2137                      -14,936821
                 12,2286                      -14,763545
                 12,2435                       -14,58255
                 12,2584                      -14,395807
                 12,2733                      -14,205103
                 12,2882                      -14,012012
                 12,3031                        -13,8179
                  12,318                      -13,623916
                 12,3329                      -13,431004
                 12,3478                      -13,239912
                 12,3627                      -13,051207
                 12,3776                      -12,865292
                 12,3925                      -12,682431
                 12,4074                      -12,502763
                 12,4223                       -12,32633
                 12,4372                      -12,153099
                 12,4521                      -11,982982
                  12,467                      -11,815861
                 12,4819                      -11,651607
                 12,4968                        -11,4901
                 12,5117                      -11,331247
                 12,5266                      -11,174992
                 12,5415                      -11,021332
                 12,5564                      -10,870321
                 12,5713                      -10,722073
                 12,5862                      -10,576763
                 12,6011                      -10,434627
                  12,616                      -10,295947
                 12,6309                      -10,161047
                 12,6458                      -10,030283
                 12,6607                      -9,9040255
                 12,6756                      -9,7826486
                 12,6905                      -9,6665183
                 12,7054                      -9,5559721
                 12,7203                      -9,4513139
                 12,7352                      -9,3527995
                 12,7501                      -9,2606252
                  12,765                      -9,1749202
                 12,7799                      -9,0957414
                 12,7948                      -9,0230707
                 12,8097                      -8,9568055
                 12,8246                      -8,8967652
                 12,8395                      -8,8426895
                 12,8544                      -8,7942456
                 12,8693                      -8,7510294
                 12,8842                      -8,7125794
                 12,8991                      -8,6783847
                  12,914                      -8,6478966
                 12,9289                      -8,6205457
                 12,9438                      -8,5957543
                 12,9587                      -8,5729544
                 12,9736                      -8,5516062
                 12,9885                      -8,5312083
                 13,0034                      -8,5113167
                 13,0183                      -8,4915533
                 13,0332                      -8,4716206
                 13,0481                         -8,4513
                  13,063                      -8,4304555
                 13,0779                      -8,4090366
                 13,0928                      -8,3870633
                 13,1077                      -8,3646207
                 13,1226                      -8,3418467
                 13,1375                      -8,3189118
                 13,1524                      -8,2960074
                 13,1673                      -8,2733247
                 13,1822                      -8,2510412
                 13,1971                       -8,229301
                  13,212                      -8,2082062
                 13,2269                      -8,1878028
                 13,2418                      -8,1680779
                 13,2567                      -8,1489484
                 13,2716                        -8,13027
                 13,2865                      -8,1118374
                 13,3014                        -8,09339
                 13,3163                      -8,0746273
                 13,3312                       -8,055222
                 13,3461                       -8,034836
                  13,361                      -8,0131401
                 13,3759                       -7,989833
                 13,3908                      -7,9646589
                 13,4057                      -7,9374266
                 13,4206                      -7,9080193
                 13,4355                      -7,8764132
                 13,4504                      -7,8426741
                 13,4653                      -7,8069656
                 13,4802                      -7,7695425
                 13,4951                      -7,7307444
                   13,51                      -7,6909806
                 13,5249                      -7,6507154
                 13,5398                      -7,6104504
                 13,5547                      -7,5707029
                 13,5696                      -7,5319875
                 13,5845                      -7,4947944
                 13,5994                      -7,4595731
                 13,6143                      -7,4267143
                 13,6292                      -7,3965388
                 13,6441                      -7,3692816
                  13,659                      -7,3450914
                 13,6739                      -7,3240231
                 13,6888                      -7,3060334
                 13,7037                      -7,2909901
                 13,7186                      -7,2786732
                 13,7335                      -7,2687865
                 13,7484                      -7,2609695
                 13,7633                      -7,2548103
                 13,7782                      -7,2498655
                 13,7931                       -7,245679
                  13,808                      -7,2417983
                 13,8229                       -7,237797
                 13,8378                      -7,2332923
                 13,8527                       -7,227965
                 13,8676                      -7,2215705
                 13,8825                      -7,2139467
                 13,8974                      -7,2050277
                 13,9123                      -7,1948363
                 13,9272                      -7,1834867
                 13,9421                      -7,1711716
                  13,957                      -7,1581513
                 13,9719                      -7,1447381
                 13,9868                      -7,1312776
                 14,0017                      -7,1181268
                 14,0166                       -7,105636
                 14,0315                      -7,0941276
                 14,0464                      -7,0838809
                 14,0613                      -7,0751113
                 14,0762                       -7,067961
                 14,0911                      -7,0624884
                  14,106                      -7,0586619
                 14,1209                      -7,0563583
                 14,1358                      -7,0553658
                 14,1507                      -7,0553898
                 14,1656                      -7,0560633
                 14,1805                      -7,0569632
                 14,1954                      -7,0576273
                 14,2103                      -7,0575735
                 14,2252                      -7,0563254
                 14,2401                      -7,0534344
                  14,255                      -7,0485029
                 14,2699                      -7,0412062
                 14,2848                      -7,0313127
                 14,2997                      -7,0186958
                 14,3146                      -7,0033443
                 14,3295                      -6,9853666
                 14,3444                      -6,9649883
                 14,3593                      -6,9425421
                 14,3742                      -6,9184522
                 14,3891                      -6,8932228
                  14,404                      -6,8674074
                 14,4189                       -6,841595
                 14,4338                      -6,8163771
                 14,4487                      -6,7923302
                 14,4636                      -6,7699907
                 14,4785                      -6,7498373
                 14,4934                      -6,7322721
                 14,5083                      -6,7176108
                 14,5232                      -6,7060677
                 14,5381                      -6,6977564
                  14,553                      -6,6926827
                 14,5679                      -6,6907492
                 14,5828                      -6,6917603
                 14,5977                      -6,6954311
                 14,6126                      -6,7014002
                 14,6275                       -6,709249
                 14,6424                      -6,7185163
                 14,6573                      -6,7287189
                 14,6722                      -6,7393792
                 14,6871                      -6,7500436
                  14,702                      -6,7603065
                 14,7169                      -6,7698293
                 14,7318                      -6,7783612
                 14,7467                      -6,7857487
                 14,7616                      -6,7919486
                 14,7765                      -6,7970282
                 14,7914                      -6,8011623
                 14,8063                      -6,8046262
                 14,8212                      -6,8077847
                 14,8361                      -6,8110689
                  14,851                      -6,8149593
                 14,8659                      -6,8199597
                 14,8808                      -6,8265761
                 14,8957                      -6,8352887
                 14,9106                      -6,8465321
                 14,9255                      -6,8606715
                 14,9404                      -6,8779845
                 14,9553                      -6,8986468
                 14,9702                      -6,9227192
                 14,9851                      -6,9501423
                      15                      -6,9807264

