        Frequency / GHz                S1,1/abs,dB
----------------------------------------------------------------------
                       1                    -0.096743753
                   1.017                    -0.097984985
                   1.034                    -0.099859368
                   1.051                     -0.10243798
                   1.068                        -0.10579
                   1.085                     -0.10998348
                   1.102                     -0.11508693
                   1.119                     -0.12116809
                   1.136                     -0.12829477
                   1.153                     -0.13653174
                    1.17                     -0.14594405
                   1.187                     -0.15659482
                   1.204                     -0.16854528
                   1.221                     -0.18185577
                   1.238                     -0.19658581
                   1.255                     -0.21279114
                   1.272                     -0.23052757
                   1.289                     -0.24984717
                   1.306                     -0.27080144
                   1.323                     -0.29343939
                    1.34                     -0.31780842
                   1.357                     -0.34395356
                   1.374                     -0.37191644
                   1.391                     -0.40173922
                   1.408                     -0.43345947
                   1.425                     -0.46711428
                   1.442                     -0.50273821
                   1.459                     -0.54036297
                   1.476                     -0.58001826
                   1.493                     -0.62173289
                    1.51                     -0.66553168
                   1.527                     -0.71143994
                   1.544                     -0.75947679
                   1.561                     -0.80966378
               1.5779999                     -0.86201772
                   1.595                     -0.91655357
                   1.612                     -0.97328455
               1.6289999                      -1.0322233
                   1.646                      -1.0933776
                   1.663                       -1.156755
               1.6799999                      -1.2223614
                   1.697                      -1.2901994
                   1.714                      -1.3602709
               1.7309999                      -1.4325744
                   1.748                      -1.5071082
                   1.765                      -1.5838667
               1.7819999                      -1.6628449
                   1.799                       -1.744034
                   1.816                      -1.8274226
               1.8329999                      -1.9129995
                    1.85                      -2.0007519
                   1.867                      -2.0906627
               1.8839999                      -2.1827135
                   1.901                       -2.276887
                   1.918                      -2.3731598
               1.9349999                      -2.4715111
                   1.952                      -2.5719146
                   1.969                       -2.674345
               1.9859999                       -2.778773
                   2.003                      -2.8851691
                    2.02                      -2.9935039
               2.0369999                      -3.1037427
               2.0539999                      -3.2158523
               2.0710001                      -3.3297974
               2.0880001                      -3.4455399
                   2.105                      -3.5630439
                   2.122                      -3.6822675
               2.1389999                      -3.8031711
               2.1559999                      -3.9257131
               2.1730001                      -4.0498526
               2.1900001                      -4.1755446
                   2.207                      -4.3027476
                   2.224                      -4.4314153
               2.2409999                      -4.5615038
               2.2579999                      -4.6929693
               2.2750001                      -4.8257641
               2.2920001                      -4.9598449
                   2.309                      -5.0951668
                   2.326                      -5.2316857
               2.3429999                      -5.3693557
               2.3599999                      -5.5081339
               2.3770001                      -5.6479786
               2.3940001                      -5.7888456
                   2.411                      -5.9306962
                   2.428                      -6.0734876
               2.4449999                      -6.2171838
               2.4619999                      -6.3617453
               2.4790001                      -6.5071376
               2.4960001                      -6.6533241
                   2.513                       -6.800273
                    2.53                      -6.9479523
               2.5469999                      -7.0963306
               2.5639999                      -7.2453793
               2.5810001                       -7.395071
                   2.598                      -7.5453787
                   2.615                      -7.6962761
                   2.632                      -7.8477399
               2.6489999                      -7.9997444
               2.6659999                      -8.1522658
               2.6830001                      -8.3052812
                     2.7                      -8.4587653
                   2.717                      -8.6126928
                   2.734                      -8.7670378
               2.7509999                      -8.9217717
               2.7679999                      -9.0768634
               2.7850001                      -9.2322807
                   2.802                      -9.3879857
                   2.819                       -9.543936
                   2.836                      -9.7000876
               2.8529999                      -9.8563879
               2.8699999                      -10.012777
               2.8870001                      -10.169191
                   2.904                      -10.325555
                   2.921                      -10.481786
                   2.938                      -10.637794
               2.9549999                      -10.793472
               2.9719999                      -10.948709
               2.9890001                      -11.103377
                   3.006                      -11.257338
                   3.023                      -11.410439
                    3.04                      -11.562515
               3.0569999                      -11.713383
               3.0739999                      -11.862851
               3.0910001                      -12.010709
                   3.108                      -12.156734
                   3.125                       -12.30069
                   3.142                      -12.442326
               3.1589999                      -12.581381
               3.1760001                      -12.717583
               3.1930001                      -12.850651
                    3.21                      -12.980297
                   3.227                      -13.106227
                   3.244                      -13.228149
               3.2609999                      -13.345767
               3.2780001                      -13.458794
               3.2950001                      -13.566949
                   3.312                      -13.669961
                   3.329                      -13.767577
                   3.346                      -13.859564
               3.3629999                      -13.945709
               3.3800001                      -14.025827
               3.3970001                       -14.09976
                   3.414                      -14.167387
                   3.431                      -14.228615
                   3.448                      -14.283392
               3.4649999                      -14.331698
               3.4820001                      -14.373556
               3.4990001                      -14.409019
                   3.516                      -14.438178
                   3.533                      -14.461158
                    3.55                      -14.478114
               3.5669999                       -14.48923
               3.5840001                      -14.494711
               3.6010001                      -14.494791
                   3.618                      -14.489714
                   3.635                      -14.479741
                   3.652                      -14.465142
               3.6689999                      -14.446193
               3.6860001                      -14.423173
               3.7030001                       -14.39636
                    3.72                      -14.366026
                   3.737                      -14.332439
               3.7539999                      -14.295859
               3.7709999                      -14.256533
               3.7880001                      -14.214694
               3.8050001                      -14.170566
                   3.822                      -14.124357
                   3.839                      -14.076258
               3.8559999                      -14.026446
               3.8729999                      -13.975082
               3.8900001                      -13.922312
               3.9070001                      -13.868268
                   3.924                      -13.813067
                   3.941                      -13.756812
               3.9579999                      -13.699594
               3.9749999                       -13.64149
               3.9920001                       -13.58257
               4.0089998                      -13.522891
                   4.026                      -13.462503
               4.0430002                      -13.401446
               4.0599999                      -13.339758
               4.0770001                      -13.277467
               4.0939999                      -13.214599
               4.1110001                      -13.151176
               4.1279998                      -13.087218
                   4.145                      -13.022744
               4.1620002                      -12.957774
               4.1789999                      -12.892326
               4.1960001                      -12.826422
               4.2129998                      -12.760082
                    4.23                      -12.693334
               4.2470002                      -12.626204
               4.2639999                      -12.558726
               4.2810001                      -12.490937
               4.2979999                      -12.422875
               4.3150001                      -12.354586
               4.3319998                      -12.286121
                   4.349                      -12.217533
               4.3660002                      -12.148882
               4.3829999                      -12.080231
               4.4000001                      -12.011648
               4.4169998                      -11.943206
                   4.434                       -11.87498
               4.4510002                      -11.807051
               4.4679999                        -11.7395
               4.4850001                      -11.672414
               4.5019999                      -11.605882
               4.5190001                      -11.539993
               4.5359998                      -11.474839
                   4.553                      -11.410513
               4.5700002                      -11.347109
               4.5869999                      -11.284722
               4.6040001                      -11.223444
               4.6209998                       -11.16337
                   4.638                      -11.104591
               4.6550002                      -11.047201
               4.6719999                      -10.991287
               4.6890001                      -10.936938
               4.7059999                      -10.884239
                   4.723                      -10.833273
               4.7399998                      -10.784121
                   4.757                       -10.73686
               4.7740002                      -10.691562
               4.7909999                      -10.648298
               4.8080001                      -10.607135
               4.8249998                      -10.568136
                   4.842                      -10.531358
               4.8590002                      -10.496857
               4.8759999                      -10.464683
               4.8930001                       -10.43488
               4.9099998                      -10.407492
                   4.927                      -10.382551
               4.9439998                      -10.360091
                   4.961                      -10.340137
               4.9780002                      -10.322709
               4.9949999                      -10.307825
               5.0120001                      -10.295492
               5.0289998                      -10.285716
                   5.046                      -10.278495
               5.0630002                      -10.273821
               5.0799999                      -10.271681
               5.0970001                      -10.272054
               5.1139998                      -10.274914
                   5.131                      -10.280226
               5.1479998                      -10.287952
                   5.165                      -10.298041
               5.1820002                      -10.310438
               5.1989999                      -10.325081
               5.2160001                      -10.341899
               5.2329998                       -10.36081
                    5.25                      -10.381728
               5.2670002                      -10.404556
               5.2839999                      -10.429187
               5.3010001                      -10.455508
               5.3179998                      -10.483392
                   5.335                      -10.512711
               5.3520002                      -10.543316
                   5.369                      -10.575057
               5.3860002                      -10.607772
               5.4029999                      -10.641291
               5.4200001                      -10.675432
               5.4369998                      -10.710009
                   5.454                       -10.74482
               5.4710002                      -10.779665
               5.4879999                      -10.814329
               5.5050001                      -10.848595
               5.5219998                      -10.882239
                   5.539                      -10.915035
               5.5560002                      -10.946751
                   5.573                       -10.97716
               5.5900002                      -11.006027
               5.6069999                      -11.033126
               5.6240001                      -11.058231
               5.6409998                      -11.081124
                   5.658                      -11.101595
               5.6750002                      -11.119443
               5.6919999                      -11.134481
               5.7090001                      -11.146533
               5.7259998                      -11.155443
                   5.743                      -11.161069
               5.7600002                      -11.163292
                   5.777                      -11.162011
               5.7940001                      -11.157151
               5.8109999                      -11.148655
               5.8280001                      -11.136492
               5.8449998                      -11.120656
                   5.862                      -11.101164
               5.8790002                      -11.078055
               5.8959999                      -11.051389
               5.9130001                      -11.021253
               5.9299998                      -10.987749
                   5.947                         -10.951
               5.9640002                      -10.911146
               5.9809999                      -10.868341
               5.9980001                      -10.822753
               6.0149999                      -10.774561
               6.0320001                      -10.723952
               6.0489998                      -10.671122
                   6.066                      -10.616271
               6.0830002                      -10.559598
               6.0999999                      -10.501312
               6.1170001                      -10.441615
               6.1339998                      -10.380709
                   6.151                      -10.318793
               6.1680002                       -10.25606
               6.1849999                      -10.192699
               6.2020001                      -10.128895
               6.2189999                      -10.064821
               6.2360001                      -10.000646
               6.2529998                      -9.9365296
                    6.27                      -9.8726216
               6.2870002                      -9.8090667
               6.3039999                      -9.7459987
               6.3210001                      -9.6835412
               6.3379998                      -9.6218117
                   6.355                      -9.5609181
               6.3720002                      -9.5009616
               6.3889999                      -9.4420307
               6.4060001                      -9.3842114
               6.4229999                      -9.3275786
               6.4400001                       -9.272202
               6.4569998                      -9.2181422
                   6.474                      -9.1654562
               6.4910002                      -9.1141923
               6.5079999                      -9.0643953
               6.5250001                      -9.0161024
               6.5419998                      -8.9693475
                   6.559                      -8.9241587
               6.5760002                      -8.8805611
               6.5929999                      -8.8385756
               6.6100001                       -8.798217
               6.6269999                      -8.7595026
               6.6440001                      -8.7224408
               6.6609998                      -8.6870424
                   6.678                      -8.6533123
               6.6950002                      -8.6212562
               6.7119999                      -8.5908774
               6.7290001                      -8.5621772
               6.7459998                      -8.5351572
                   6.763                      -8.5098175
               6.7800002                      -8.4861581
               6.7969999                      -8.4641774
               6.8140001                      -8.4438773
               6.8309999                      -8.4252567
                   6.848                      -8.4083167
               6.8649998                      -8.3930581
                   6.882                      -8.3794833
               6.8990002                      -8.3675953
               6.9159999                      -8.3573993
               6.9330001                      -8.3489002
               6.9499998                      -8.3421073
                   6.967                      -8.3370281
               6.9840002                      -8.3336739
               7.0009999                      -8.3320584
               7.0180001                      -8.3321957
               7.0349998                      -8.3341051
                   7.052                      -8.3378053
               7.0689998                      -8.3433171
                   7.086                      -8.3506657
               7.1030002                      -8.3598784
               7.1199999                      -8.3709826
               7.1370001                      -8.3840132
               7.1539998                      -8.3990033
                   7.171                      -8.4159897
               7.1880002                      -8.4350138
               7.2049999                      -8.4561177
               7.2220001                      -8.4793472
               7.2389998                      -8.5047506
                   7.256                      -8.5323788
               7.2729998                      -8.5622867
                    7.29                      -8.5945312
               7.3070002                      -8.6291719
               7.3239999                      -8.6662711
               7.3410001                      -8.7058955
               7.3579998                      -8.7481136
                   7.375                      -8.7929969
               7.3920002                      -8.8406196
               7.4089999                      -8.8910624
               7.4260001                      -8.9444036
               7.4429998                      -9.0007288
                    7.46                      -9.0601249
               7.4770002                      -9.1226856
                   7.494                      -9.1885023
               7.5110002                      -9.2576767
               7.5279999                      -9.3303086
               7.5450001                      -9.4065066
               7.5619998                      -9.4863794
                   7.579                      -9.5700427
               7.5960002                      -9.6576159
               7.6129999                      -9.7492224
               7.6300001                      -9.8449932
               7.6469998                      -9.9450617
                   7.664                       -10.04957
               7.6810002                      -10.158664
                   7.698                      -10.272498
               7.7150002                      -10.391232
               7.7319999                      -10.515035
               7.7490001                      -10.644082
               7.7659998                      -10.778559
                   7.783                       -10.91866
               7.8000002                      -11.064589
               7.8169999                      -11.216564
               7.8340001                      -11.374809
               7.8509998                      -11.539566
                   7.868                      -11.711089
               7.8850002                      -11.889645
                   7.902                      -12.075519
               7.9190001                      -12.269013
               7.9359999                      -12.470448
               7.9530001                      -12.680163
               7.9699998                       -12.89852
                   7.987                      -13.125904
               8.0039997                      -13.362723
               8.0209999                      -13.609412
               8.0380001                      -13.866432
               8.0550003                      -14.134273
               8.0719995                      -14.413452
               8.0889997                      -14.704517
               8.1059999                      -15.008037
               8.1230001                      -15.324612
               8.1400003                      -15.654858
               8.1569996                      -15.999398
               8.1739998                      -16.358858
                   8.191                      -16.733837
               8.2080002                      -17.124882
               8.2250004                      -17.532439
               8.2419996                      -17.956797
               8.2589998                      -18.397991
                   8.276                      -18.855674
               8.2930002                      -19.328936
               8.3100004                      -19.816059
               8.3269997                      -20.314175
               8.3439999                      -20.818841
               8.3610001                      -21.323502
               8.3780003                      -21.818907
               8.3950005                      -22.292567
               8.4119997                      -22.728512
               8.4289999                      -23.107656
               8.4460001                      -23.409218
               8.4630003                      -23.613392
               8.4799995                      -23.704939
               8.4969997                      -23.676618
               8.5139999                      -23.531018
               8.5310001                      -23.279893
               8.5480003                      -22.941314
               8.5649996                      -22.535992
               8.5819998                      -22.084066
                   8.599                      -21.603096
               8.6160002                      -21.107229
               8.6330004                      -20.607202
               8.6499996                      -20.110785
               8.6669998                       -19.62335
                   8.684                      -19.148453
               8.7010002                      -18.688308
               8.7180004                      -18.244167
               8.7349997                      -17.816612
               8.7519999                      -17.405765
               8.7690001                      -17.011442
               8.7860003                       -16.63325
               8.8030005                       -16.27068
               8.8199997                      -15.923148
               8.8369999                      -15.590033
               8.8540001                      -15.270702
               8.8710003                      -14.964531
               8.8879995                      -14.670908
               8.9049997                      -14.389248
               8.9219999                      -14.118987
               8.9390001                      -13.859594
               8.9560003                      -13.610566
               8.9729996                      -13.371427
               8.9899998                      -13.141732
                   9.007                      -12.921063
               9.0240002                      -12.709026
               9.0410004                       -12.50525
               9.0579996                      -12.309395
               9.0749998                      -12.121133
                   9.092                      -11.940162
               9.1090002                      -11.766195
               9.1260004                      -11.598966
               9.1429996                      -11.438224
               9.1599998                      -11.283734
                   9.177                      -11.135273
               9.1940002                      -10.992633
               9.2110004                      -10.855618
               9.2279997                      -10.724042
               9.2449999                      -10.597733
               9.2620001                      -10.476527
               9.2790003                      -10.360267
               9.2959995                      -10.248811
               9.3129997                      -10.142019
               9.3299999                       -10.03976
               9.3470001                      -9.9419139
               9.3640003                      -9.8483639
               9.3809996                      -9.7589997
               9.3979998                      -9.6737182
                   9.415                      -9.5924211
               9.4320002                      -9.5150159
               9.4490004                      -9.4414152
               9.4659996                      -9.3715365
               9.4829998                      -9.3052999
                     9.5                      -9.2426324
               9.5170002                      -9.1834633
               9.5340004                      -9.1277257
               9.5509996                      -9.0753572
               9.5679998                      -9.0262979
                   9.585                      -8.9804915
               9.6020002                      -8.9378847
               9.6190004                      -8.8984271
               9.6359997                        -8.86207
               9.6529999                      -8.8287696
               9.6700001                      -8.7984816
               9.6870003                      -8.7711657
               9.7040005                      -8.7467843
               9.7209997                      -8.7252999
               9.7379999                      -8.7066781
               9.7550001                      -8.6908859
               9.7720003                      -8.6778934
               9.7889996                      -8.6676691
               9.8059998                      -8.6601873
                   9.823                      -8.6554193
               9.8400002                      -8.6533396
               9.8570004                      -8.6539249
               9.8739996                      -8.6571522
               9.8909998                      -8.6629983
                   9.908                      -8.6714404
               9.9250002                       -8.682461
               9.9420004                      -8.6960377
               9.9589996                      -8.7121518
               9.9759998                      -8.7307853
                   9.993                      -8.7519169
                   10.01                      -8.7755318
                  10.027                      -8.8016117
                  10.044                      -8.8301367
                  10.061                      -8.8610909
                  10.078                      -8.8944558
                  10.095                      -8.9302157
                  10.112                      -8.9683495
                  10.129                      -9.0088421
                  10.146                      -9.0516734
                  10.163                      -9.0968247
                   10.18                      -9.1442771
                  10.197                      -9.1940114
                  10.214                      -9.2460045
                  10.231                      -9.3002364
                  10.248                      -9.3566863
                  10.265                       -9.415329
                  10.282                      -9.4761414
                  10.299                      -9.5390982
                  10.316                      -9.6041729
                  10.333                      -9.6713375
                   10.35                      -9.7405635
                  10.367                        -9.81182
                  10.384                      -9.8850754
                  10.401                      -9.9602971
                  10.418                      -10.037448
                  10.435                      -10.116494
                  10.452                      -10.197394
                  10.469                       -10.28011
                  10.486                      -10.364597
                  10.503                      -10.450812
                   10.52                      -10.538709
                  10.537                      -10.628239
                  10.554                      -10.719352
                  10.571                      -10.811995
                  10.588                      -10.906112
                  10.605                      -11.001646
                  10.622                      -11.098539
                  10.639                      -11.196728
                  10.656                       -11.29615
                  10.673                      -11.396737
                   10.69                      -11.498424
                  10.707                      -11.601136
                  10.724                      -11.704804
                  10.741                      -11.809352
                  10.758                      -11.914701
                  10.775                      -12.020776
                  10.792                      -12.127495
                  10.809                      -12.234775
                  10.826                      -12.342533
                  10.843                      -12.450684
                   10.86                      -12.559143
                  10.877                       -12.66782
                  10.894                       -12.77663
                  10.911                      -12.885483
                  10.928                      -12.994289
                  10.945                      -13.102962
                  10.962                      -13.211409
                  10.979                      -13.319545
                  10.996                       -13.42728
                  11.013                      -13.534527
                   11.03                      -13.641203
                  11.047                      -13.747221
                  11.064                        -13.8525
                  11.081                       -13.95696
                  11.098                      -14.060522
                  11.115                      -14.163114
                  11.132                       -14.26466
                  11.149                      -14.365094
                  11.166                      -14.464349
                  11.183                      -14.562363
                    11.2                      -14.659079
                  11.217                      -14.754443
                  11.234                      -14.848407
                  11.251                      -14.940924
                  11.268                      -15.031953
                  11.285                      -15.121459
                  11.302                       -15.20941
                  11.319                      -15.295782
                  11.336                      -15.380553
                  11.353                      -15.463704
                   11.37                      -15.545225
                  11.387                      -15.625111
                  11.404                      -15.703359
                  11.421                      -15.779972
                  11.438                       -15.85496
                  11.455                      -15.928334
                  11.472                      -16.000113
                  11.489                       -16.07032
                  11.506                      -16.138981
                  11.523                       -16.20613
                   11.54                      -16.271802
                  11.557                      -16.336038
                  11.574                      -16.398884
                  11.591                      -16.460392
                  11.608                      -16.520612
                  11.625                      -16.579605
                  11.642                      -16.637433
                  11.659                      -16.694161
                  11.676                      -16.749862
                  11.693                      -16.804608
                   11.71                      -16.858478
                  11.727                      -16.911553
                  11.744                      -16.963919
                  11.761                      -17.015663
                  11.778                      -17.066877
                  11.795                      -17.117656
                  11.812                      -17.168097
                  11.829                        -17.2183
                  11.846                      -17.268368
                  11.863                      -17.318402
                   11.88                      -17.368512
                  11.897                      -17.418804
                  11.914                      -17.469387
                  11.931                       -17.52037
                  11.948                      -17.571864
                  11.965                      -17.623978
                  11.982                      -17.676822
                  11.999                      -17.730504
                  12.016                      -17.785131
                  12.033                      -17.840807
                   12.05                      -17.897635
                  12.067                      -17.955713
                  12.084                      -18.015131
                  12.101                      -18.075983
                  12.118                      -18.138348
                  12.135                      -18.202302
                  12.152                      -18.267913
                  12.169                      -18.335236
                  12.186                       -18.40432
                  12.203                      -18.475196
                   12.22                      -18.547887
                  12.237                      -18.622396
                  12.254                      -18.698709
                  12.271                      -18.776793
                  12.288                      -18.856592
                  12.305                      -18.938024
                  12.322                      -19.020984
                  12.339                      -19.105332
                  12.356                      -19.190897
                  12.373                      -19.277469
                   12.39                      -19.364801
                  12.407                      -19.452601
                  12.424                       -19.54053
                  12.441                      -19.628201
                  12.458                      -19.715173
                  12.475                      -19.800949
                  12.492                      -19.884979
                  12.509                      -19.966652
                  12.526                      -20.045302
                  12.543                      -20.120207
                   12.56                      -20.190597
                  12.577                      -20.255653
                  12.594                      -20.314522
                  12.611                      -20.366326
                  12.628                      -20.410173
                  12.645                      -20.445179
                  12.662                       -20.47048
                  12.679                      -20.485259
                  12.696                      -20.488757
                  12.713                       -20.48031
                   12.73                      -20.459358
                  12.747                      -20.425459
                  12.764                      -20.378324
                  12.781                      -20.317804
                  12.798                      -20.243911
                  12.815                      -20.156815
                  12.832                      -20.056836
                  12.849                      -19.944437
                  12.866                      -19.820205
                  12.883                      -19.684837
                    12.9                       -19.53912
                  12.917                      -19.383907
                  12.934                      -19.220095
                  12.951                       -19.04861
                  12.968                      -18.870379
                  12.985                      -18.686327
                  13.002                      -18.497348
                  13.019                      -18.304306
                  13.036                      -18.108021
                  13.053                      -17.909259
                   13.07                      -17.708738
                  13.087                       -17.50712
                  13.104                      -17.305006
                  13.121                      -17.102945
                  13.138                      -16.901433
                  13.155                      -16.700912
                  13.172                      -16.501775
                  13.189                       -16.30437
                  13.206                      -16.109004
                  13.223                      -15.915943
                   13.24                      -15.725416
                  13.257                      -15.537625
                  13.274                      -15.352735
                  13.291                      -15.170889
                  13.308                      -14.992206
                  13.325                      -14.816781
                  13.342                      -14.644691
                  13.359                      -14.475995
                  13.376                      -14.310736
                  13.393                      -14.148947
                   13.41                      -13.990644
                  13.427                      -13.835835
                  13.444                      -13.684517
                  13.461                      -13.536679
                  13.478                      -13.392302
                  13.495                      -13.251362
                  13.512                      -13.113825
                  13.529                      -12.979656
                  13.546                      -12.848812
                  13.563                       -12.72125
                   13.58                      -12.596918
                  13.597                      -12.475765
                  13.614                      -12.357735
                  13.631                      -12.242769
                  13.648                      -12.130807
                  13.665                      -12.021788
                  13.682                      -11.915645
                  13.699                      -11.812317
                  13.716                      -11.711731
                  13.733                      -11.613825
                   13.75                      -11.518524
                  13.767                      -11.425761
                  13.784                      -11.335466
                  13.801                      -11.247566
                  13.818                      -11.161988
                  13.835                      -11.078661
                  13.852                      -10.997514
                  13.869                      -10.918472
                  13.886                      -10.841463
                  13.903                      -10.766416
                   13.92                      -10.693255
                  13.937                       -10.62191
                  13.954                      -10.552309
                  13.971                      -10.484383
                  13.988                      -10.418057
                  14.005                      -10.353266
                  14.022                      -10.289935
                  14.039                      -10.228001
                  14.056                      -10.167395
                  14.073                      -10.108051
                   14.09                      -10.049905
                  14.107                       -9.992891
                  14.124                      -9.9369511
                  14.141                      -9.8820225
                  14.158                      -9.8280468
                  14.175                      -9.7749685
                  14.192                      -9.7227313
                  14.209                      -9.6712825
                  14.226                      -9.6205711
                  14.243                      -9.5705497
                   14.26                      -9.5211708
                  14.277                      -9.4723892
                  14.294                      -9.4241655
                  14.311                      -9.3764584
                  14.328                      -9.3292304
                  14.345                      -9.2824493
                  14.362                      -9.2360813
                  14.379                      -9.1900972
                  14.396                       -9.144472
                  14.413                      -9.0991793
                   14.43                      -9.0541988
                  14.447                      -9.0095119
                  14.464                      -8.9651011
                  14.481                      -8.9209527
                  14.498                      -8.8770568
                  14.515                      -8.8334019
                  14.532                      -8.7899835
                  14.549                      -8.7467974
                  14.566                      -8.7038413
                  14.583                      -8.6611158
                    14.6                      -8.6186229
                  14.617                      -8.5763674
                  14.634                      -8.5343568
                  14.651                      -8.4925978
                  14.668                      -8.4511042
                  14.685                       -8.409884
                  14.702                      -8.3689538
                  14.719                      -8.3283279
                  14.736                      -8.2880234
                  14.753                      -8.2480587
                   14.77                      -8.2084536
                  14.787                      -8.1692283
                  14.804                      -8.1304054
                  14.821                      -8.0920081
                  14.838                        -8.05406
                  14.855                      -8.0165866
                  14.872                      -7.9796145
                  14.889                      -7.9431691
                  14.906                      -7.9072797
                  14.923                      -7.8719727
                   14.94                      -7.8372794
                  14.957                       -7.803228
                  14.974                      -7.7698489
                  14.991                      -7.7371732
                  15.008                      -7.7052331
                  15.025                      -7.6740595
                  15.042                      -7.6436842
                  15.059                      -7.6141427
                  15.076                      -7.5854666
                  15.093                      -7.5576896
                   15.11                      -7.5308479
                  15.127                      -7.5049748
                  15.144                      -7.4801055
                  15.161                      -7.4562769
                  15.178                      -7.4335247
                  15.195                      -7.4118862
                  15.212                      -7.3913975
                  15.229                      -7.3720974
                  15.246                      -7.3540242
                  15.263                      -7.3372167
                   15.28                      -7.3217142
                  15.297                      -7.3075571
                  15.314                       -7.294786
                  15.331                       -7.283442
                  15.348                      -7.2735676
                  15.365                      -7.2652049
                  15.382                       -7.258397
                  15.399                      -7.2531895
                  15.416                      -7.2496251
                  15.433                      -7.2477508
                   15.45                      -7.2476126
                  15.467                      -7.2492587
                  15.484                      -7.2527362
                  15.501                      -7.2580948
                  15.518                      -7.2653848
                  15.535                      -7.2746569
                  15.552                      -7.2859637
                  15.569                      -7.2993579
                  15.586                      -7.3148936
                  15.603                      -7.3326269
                   15.62                      -7.3526155
                  15.637                      -7.3749148
                  15.654                      -7.3995869
                  15.671                      -7.4266917
                  15.688                      -7.4562895
                  15.705                      -7.4884463
                  15.722                      -7.5232265
                  15.739                      -7.5606973
                  15.756                       -7.600928
                  15.773                       -7.643988
                   15.79                      -7.6899509
                  15.807                      -7.7388908
                  15.824                      -7.7908848
                  15.841                      -7.8460124
                  15.858                      -7.9043556
                  15.875                      -7.9659968
                  15.892                      -8.0310243
                  15.909                      -8.0995281
                  15.926                      -8.1716002
                  15.943                      -8.2473382
                   15.96                      -8.3268401
                  15.977                      -8.4102116
                  15.994                      -8.4975591
                  16.011                      -8.5889942
                  16.028                      -8.6846329
                  16.045                      -8.7845985
                  16.062                      -8.8890154
                  16.079                      -8.9980172
               16.096001                      -9.1117405
               16.113001                      -9.2303317
               16.129999                       -9.353941
               16.146999                      -9.4827279
                  16.164                      -9.6168602
                  16.181                      -9.7565127
                  16.198                      -9.9018707
                  16.215                      -10.053131
                  16.232                      -10.210497
               16.249001                      -10.374188
               16.266001                      -10.544435
               16.283001                       -10.72148
               16.299999                      -10.905585
               16.316999                      -11.097021
                  16.334                      -11.296083
                  16.351                      -11.503082
                  16.368                      -11.718346
                  16.385                       -11.94223
                  16.402                      -12.175107
               16.419001                      -12.417378
               16.436001                      -12.669469
               16.452999                      -12.931834
               16.469999                      -13.204957
                  16.487                      -13.489351
                  16.504                      -13.785561
                  16.521                      -14.094163
                  16.538                      -14.415761
                  16.555                      -14.750985
               16.572001                      -15.100489
               16.589001                      -15.464934
               16.606001                      -15.844981
               16.622999                      -16.241262
               16.639999                      -16.654351
                  16.657                      -17.084711
                  16.674                       -17.53262
                  16.691                      -17.998077
                  16.708                      -18.480637
                  16.725                      -18.979217
               16.742001                      -19.491802
               16.759001                      -20.015057
               16.775999                       -20.54383
               16.792999                      -21.070554
               16.809999                      -21.584591
                  16.827                      -22.071709
                  16.844                      -22.513947
                  16.861                      -22.890343
                  16.878                      -23.178908
                  16.895                      -23.359989
               16.912001                      -23.420303
               16.929001                      -23.356212
               16.945999                      -23.174696
               16.962999                      -22.891508
                   16.98                      -22.527482
                  16.997                      -22.104572
                  17.014                      -21.642916
                  17.031                      -21.159296
                  17.048                      -20.666734
               17.065001                      -20.174804
               17.082001                      -19.690219
               17.099001                      -19.217473
               17.115999                       -18.75942
               17.132999                      -18.317728
                   17.15                      -17.893239
                  17.167                      -17.486223
                  17.184                       -17.09657
                  17.201                       -16.72392
                  17.218                      -16.367756
               17.235001                      -16.027471
               17.252001                      -15.702406
               17.268999                      -15.391887
               17.285999                      -15.095237
               17.302999                      -14.811799
                   17.32                      -14.540933
                  17.337                      -14.282027
                  17.354                        -14.0345
                  17.371                        -13.7978
                  17.388                      -13.571404
               17.405001                       -13.35482
               17.422001                      -13.147583
               17.438999                      -12.949255
               17.455999                      -12.759421
                  17.473                      -12.577692
                   17.49                      -12.403699
                  17.507                      -12.237093
                  17.524                      -12.077543
                  17.541                      -11.924739
               17.558001                      -11.778382
               17.575001                       -11.63819
               17.591999                      -11.503893
               17.608999                      -11.375236
               17.625999                      -11.251975
                  17.643                      -11.133872
                   17.66                      -11.020703
                  17.677                      -10.912256
                  17.694                      -10.808318
                  17.711                      -10.708694
               17.728001                      -10.613189
               17.745001                       -10.52162
               17.761999                      -10.433804
               17.778999                      -10.349571
                  17.796                      -10.268752
                  17.813                      -10.191185
                   17.83                      -10.116712
                  17.847                      -10.045183
                  17.864                      -9.9764476
               17.881001                      -9.9103656
               17.898001                      -9.8467976
               17.915001                      -9.7856099
               17.931999                      -9.7266736
               17.948999                      -9.6698618
                  17.966                      -9.6150561
                  17.983                      -9.5621381
                      18                      -9.5109979

