        Frequency / GHz                S1,1/abs,dB
----------------------------------------------------------------------
                     0.1                     -0.15630562
                  0.1179                      -0.1525208
                  0.1358                     -0.14819546
              0.15369999                      -0.1433645
                  0.1716                     -0.13806799
                  0.1895                      -0.1323463
              0.20739999                     -0.12624842
                  0.2253                     -0.11982212
                  0.2432                     -0.11311813
              0.26109999                     -0.10618921
              0.27900001                    -0.099090837
                  0.2969                    -0.091877538
              0.31479999                    -0.084605884
              0.33270001                    -0.077331085
                  0.3506                    -0.070109803
              0.36849999                    -0.062996022
              0.38640001                    -0.056043558
                  0.4043                    -0.049304982
              0.42219999                    -0.042828905
              0.44010001                    -0.036664418
                   0.458                    -0.030857925
              0.47589999                    -0.025449362
              0.49380001                    -0.020480039
              0.51169997                    -0.015983402
              0.52960002                    -0.011993622
              0.54750001                   -0.0085390429
                  0.5654                   -0.0056434371
              0.58329999                   -0.0033266307
              0.60119998                   -0.0016066838
              0.61909997                  -0.00049552001
              0.63700002                  -5.6318128e-08
              0.65490001                  -0.00012476777
                  0.6728                  -0.00086914675
              0.69069999                   -0.0022274833
              0.70859998                   -0.0041914832
              0.72649997                   -0.0067497236
              0.74440002                   -0.0098853561
              0.76230001                    -0.013575898
                  0.7802                    -0.017799874
              0.79809999                    -0.022528535
              0.81599998                    -0.027731923
              0.83389997                    -0.033377182
              0.85180002                    -0.039429012
              0.86970001                     -0.04584693
                  0.8876                    -0.052592532
              0.90549999                    -0.059623286
              0.92339998                    -0.066895604
              0.94129997                    -0.074365264
              0.95920002                    -0.081988018
              0.97710001                    -0.089716183
                   0.995                    -0.097505942
                  1.0129                     -0.10531221
                  1.0308                     -0.11309038
                  1.0487                      -0.1207973
                  1.0666                     -0.12839099
                  1.0845                     -0.13583358
               1.1023999                      -0.1430843
               1.1203001                     -0.15011059
                  1.1382                     -0.15687964
                  1.1561                     -0.16336187
                   1.174                     -0.16953203
                  1.1919                     -0.17536734
                  1.2098                      -0.1808493
                  1.2277                     -0.18596306
                  1.2456                     -0.19069776
                  1.2635                     -0.19504774
                  1.2814                     -0.19900926
                  1.2993                     -0.20258446
               1.3171999                     -0.20577922
               1.3351001                     -0.20860248
                   1.353                     -0.21106897
                  1.3709                     -0.21319548
                  1.3888                     -0.21500255
                  1.4067                     -0.21651505
                  1.4246                     -0.21775972
                  1.4425                     -0.21876807
                  1.4604                     -0.21957202
                  1.4783                      -0.2202066
                  1.4962                     -0.22071008
                  1.5141                      -0.2211205
               1.5319999                     -0.22147848
               1.5499001                     -0.22182628
                  1.5678                     -0.22220397
                  1.5857                     -0.22265609
                  1.6036                      -0.2232237
                  1.6215                     -0.22394959
                  1.6394                     -0.22487514
                  1.6573                     -0.22604033
                  1.6752                     -0.22748735
                  1.6931                     -0.22925149
                   1.711                     -0.23137146
                  1.7289                     -0.23388085
               1.7467999                     -0.23681343
               1.7647001                     -0.24019856
                  1.7826                     -0.24406556
                  1.8005                      -0.2484405
                  1.8184                      -0.2533456
                  1.8363                     -0.25880105
                  1.8542                     -0.26482463
                  1.8721                     -0.27143167
                    1.89                     -0.27863377
                  1.9079                     -0.28644078
                  1.9258                     -0.29485882
                  1.9437                     -0.30389242
               1.9615999                     -0.31354022
               1.9795001                     -0.32380343
                  1.9974                     -0.33467643
                  2.0153                     -0.34615308
                  2.0332                      -0.3582254
                  2.0511                     -0.37088309
                   2.069                     -0.38411235
                  2.0869                     -0.39790017
                  2.1048                     -0.41223059
                  2.1227                     -0.42708699
                  2.1406                      -0.4424518
                  2.1585                     -0.45830495
               2.1763999                     -0.47462896
               2.1942999                     -0.49140353
               2.2121999                     -0.50860953
               2.2300999                     -0.52622741
               2.2479999                     -0.54423854
               2.2658999                     -0.56262436
               2.2837999                     -0.58136735
               2.3017001                     -0.60045277
               2.3196001                      -0.6198654
               2.3375001                     -0.63959195
               2.3554001                     -0.65962153
               2.3733001                     -0.67994698
               2.3912001                     -0.70055905
               2.4091001                     -0.72145525
                   2.427                     -0.74263286
                  2.4449                     -0.76409265
                  2.4628                      -0.7858377
                  2.4807                     -0.80787515
                  2.4986                     -0.83021313
                  2.5165                     -0.85286463
                  2.5344                     -0.87584305
                  2.5523                     -0.89916559
                  2.5702                     -0.92285237
                  2.5881                      -0.9469272
               2.6059999                     -0.97141214
               2.6238999                     -0.99633632
               2.6417999                      -1.0217273
               2.6596999                      -1.0476184
               2.6775999                      -1.0740397
               2.6954999                       -1.101026
               2.7133999                      -1.1286123
               2.7313001                      -1.1568339
               2.7492001                      -1.1857267
               2.7671001                       -1.215328
               2.7850001                      -1.2456739
               2.8029001                      -1.2768003
               2.8208001                      -1.3087414
               2.8387001                      -1.3415313
                  2.8566                      -1.3752027
                  2.8745                      -1.4097849
                  2.8924                       -1.445307
                  2.9103                      -1.4817945
                  2.9282                      -1.5192695
                  2.9461                      -1.5577512
                   2.964                      -1.5972553
                  2.9819                      -1.6377937
                  2.9998                      -1.6793728
                  3.0177                      -1.7219964
               3.0355999                      -1.7656606
               3.0534999                      -1.8103602
               3.0713999                      -1.8560802
               3.0892999                       -1.902803
               3.1071999                      -1.9505032
               3.1250999                      -1.9991483
               3.1429999                      -2.0487036
               3.1609001                      -2.0991241
               3.1788001                      -2.1503601
               3.1967001                      -2.2023519
               3.2146001                      -2.2550387
               3.2325001                      -2.3083477
               3.2504001                      -2.3622017
               3.2683001                      -2.4165185
                  3.2862                      -2.4712062
                  3.3041                      -2.5261685
                   3.322                      -2.5813039
                  3.3399                       -2.636506
                  3.3578                      -2.6916613
                  3.3757                      -2.7466544
                  3.3936                       -2.801364
                  3.4115                      -2.8556685
                  3.4294                      -2.9094398
                  3.4473                      -2.9625555
               3.4651999                      -3.0148854
               3.4830999                      -3.0663044
               3.5009999                      -3.1166891
               3.5188999                      -3.1659165
               3.5367999                       -3.213869
               3.5546999                      -3.2604339
               3.5725999                      -3.3055055
               3.5905001                      -3.3489847
               3.6084001                      -3.3907792
               3.6263001                      -3.4308095
               3.6442001                      -3.4690028
               3.6621001                      -3.5053003
               3.6800001                       -3.539653
               3.6979001                      -3.5720251
                  3.7158                       -3.602395
                  3.7337                      -3.6307517
                  3.7516                       -3.657097
                  3.7695                      -3.6814503
                  3.7874                      -3.7038383
                  3.8053                      -3.7243049
                  3.8232                       -3.742903
                  3.8411                      -3.7596994
                   3.859                      -3.7747681
                  3.8769                      -3.7881959
               3.8947999                      -3.8000762
               3.9126999                       -3.810512
               3.9305999                      -3.8196093
               3.9484999                      -3.8274849
               3.9663999                      -3.8342533
               3.9842999                      -3.8400364
               4.0022001                      -3.8449564
               4.0201001                      -3.8491362
               4.0380001                      -3.8526984
               4.0559001                      -3.8557651
               4.0738001                      -3.8584539
               4.0917001                      -3.8608811
               4.1096001                      -3.8631597
               4.1275001                      -3.8653947
                  4.1454                       -3.867689
                  4.1633                      -3.8701401
                  4.1812                      -3.8728372
                  4.1991                      -3.8758643
                   4.217                      -3.8792994
                  4.2349                      -3.8832122
                  4.2528                      -3.8876671
                  4.2707                      -3.8927216
                  4.2886                      -3.8984269
                  4.3065                      -3.9048261
               4.3243999                      -3.9119584
               4.3422999                       -3.919855
               4.3601999                      -3.9285443
               4.3780999                      -3.9380475
               4.3959999                      -3.9483811
               4.4138999                      -3.9595609
               4.4317999                      -3.9715958
               4.4496999                      -3.9844935
               4.4675999                       -3.998258
               4.4854999                      -4.0128952
               4.5033998                      -4.0284052
               4.5212998                      -4.0447949
               4.5391998                      -4.0620638
               4.5570998                      -4.0802187
               4.5749998                      -4.0992662
               4.5928998                      -4.1192159
               4.6107998                      -4.1400811
               4.6286998                      -4.1618782
               4.6465998                      -4.1846298
               4.6645002                       -4.208362
               4.6824002                      -4.2331088
               4.7003002                      -4.2589097
               4.7182002                      -4.2858091
               4.7361002                      -4.3138605
               4.7540002                      -4.3431254
               4.7719002                      -4.3736717
               4.7898002                      -4.4055769
               4.8077002                      -4.4389241
               4.8256001                      -4.4738096
               4.8435001                      -4.5103347
               4.8614001                      -4.5486097
               4.8793001                       -4.588752
               4.8972001                      -4.6308919
               4.9151001                      -4.6751631
               4.9330001                      -4.7217118
               4.9509001                       -4.770691
               4.9688001                      -4.8222598
               4.9867001                      -4.8765889
                  5.0046                       -4.933854
                  5.0225                      -4.9942411
                  5.0404                      -5.0579424
                  5.0583                      -5.1251584
                  5.0762                      -5.1960964
                  5.0941                      -5.2709716
                   5.112                      -5.3500108
                  5.1299                      -5.4334454
                  5.1478                      -5.5215142
                  5.1657                      -5.6144663
               5.1835999                      -5.7125629
               5.2014999                      -5.8160707
               5.2193999                      -5.9252693
               5.2372999                      -6.0404499
               5.2551999                      -6.1619129
               5.2730999                      -6.2899763
               5.2909999                      -6.4249714
               5.3088999                      -6.5672446
               5.3267999                      -6.7171637
               5.3446999                      -6.8751139
               5.3625998                      -7.0415049
               5.3804998                      -7.2167705
               5.3983998                      -7.4013759
               5.4162998                      -7.5958159
               5.4341998                      -7.8006251
               5.4520998                       -8.016378
               5.4699998                      -8.2436991
               5.4878998                      -8.4832649
               5.5057998                      -8.7358163
               5.5237002                      -9.0021669
               5.5416002                      -9.2832152
               5.5595002                      -9.5799548
               5.5774002                      -9.8934952
               5.5953002                      -10.225081
               5.6132002                      -10.576107
               5.6311002                      -10.948169
               5.6490002                      -11.343076
               5.6669002                      -11.762919
               5.6848001                      -12.210111
               5.7027001                      -12.687479
               5.7206001                      -13.198355
               5.7385001                      -13.746704
               5.7564001                      -14.337307
               5.7743001                      -14.975996
               5.7922001                      -15.669987
               5.8101001                      -16.428357
               5.8280001                      -17.262739
               5.8459001                      -18.188369
                  5.8638                      -19.225739
                  5.8817                      -20.403254
                  5.8996                      -21.761789
                  5.9175                      -23.362862
                  5.9354                      -25.304085
                  5.9533                      -27.748884
                  5.9712                      -30.969752
                  5.9891                      -35.141995
                   6.007                      -37.170813
                  6.0249                      -33.470763
               6.0427999                      -29.703556
               6.0606999                      -26.894812
               6.0785999                      -24.738607
               6.0964999                      -23.010032
               6.1143999                      -21.576791
               6.1322999                      -20.358257
               6.1501999                      -19.302491
               6.1680999                      -18.374319
               6.1859999                      -17.548909
               6.2038999                       -16.80812
               6.2217999                      -16.138307
               6.2396998                       -15.52896
               6.2575998                      -14.971814
               6.2754998                      -14.460253
               6.2933998                        -13.9889
               6.3112998                      -13.553325
               6.3291998                      -13.149831
               6.3470998                      -12.775305
               6.3649998                      -12.427096
               6.3829002                       -12.10293
               6.4008002                      -11.800837
               6.4187002                      -11.519099
               6.4366002                      -11.256209
               6.4545002                       -11.01084
               6.4724002                      -10.781806
               6.4903002                      -10.568051
               6.5082002                      -10.368628
               6.5261002                      -10.182678
               6.5440001                      -10.009425
               6.5619001                      -9.8481621
               6.5798001                      -9.6982415
               6.5977001                      -9.5590671
               6.6156001                      -9.4300914
               6.6335001                      -9.3108045
               6.6514001                      -9.2007334
               6.6693001                      -9.0994389
               6.6872001                      -9.0065062
               6.7051001                      -8.9215483
                   6.723                      -8.8441989
                  6.7409                      -8.7741114
                  6.7588                      -8.7109582
                  6.7767                      -8.6544275
                  6.7946                      -8.6042217
                  6.8125                      -8.5600559
                  6.8304                      -8.5216597
                  6.8483                      -8.4887687
                  6.8662                       -8.461133
                  6.8841                      -8.4385099
                   6.902                      -8.4206636
               6.9198999                      -8.4073709
               6.9377999                      -8.3984129
               6.9556999                      -8.3935746
               6.9735999                      -8.3926539
               6.9914999                      -8.3954511
               7.0093999                       -8.401775
               7.0272999                       -8.411437
               7.0451999                      -8.4242581
               7.0630999                      -8.4400621
               7.0809999                      -8.4586811
               7.0988998                      -8.4799518
               7.1167998                      -8.5037148
               7.1346998                      -8.5298206
               7.1525998                      -8.5581201
               7.1704998                      -8.5884754
               7.1883998                      -8.6207493
               7.2062998                      -8.6548143
               7.2241998                      -8.6905484
               7.2420998                      -8.7278346
               7.2600002                      -8.7665592
               7.2779002                      -8.8066204
               7.2958002                      -8.8479166
               7.3137002                      -8.8903544
               7.3316002                       -8.933846
               7.3495002                      -8.9783087
               7.3674002                      -9.0236653
               7.3853002                      -9.0698436
               7.4032001                      -9.1167771
               7.4211001                      -9.1644019
               7.4390001                       -9.212658
               7.4569001                      -9.2614933
               7.4748001                      -9.3108551
               7.4927001                      -9.3606934
               7.5106001                      -9.4109637
               7.5285001                      -9.4616198
               7.5464001                        -9.51262
               7.5643001                      -9.5639212
               7.5822001                      -9.6154818
                  7.6001                      -9.6672564
                   7.618                      -9.7192028
                  7.6359                      -9.7712746
                  7.6538                      -9.8234208
                  7.6717                      -9.8755915
                  7.6896                      -9.9277284
                  7.7075                      -9.9797701
                  7.7254                       -10.03165
                  7.7433                      -10.083294
                  7.7612                      -10.134622
               7.7790999                      -10.185545
               7.7969999                      -10.235968
               7.8148999                      -10.285783
               7.8327999                      -10.334876
               7.8506999                      -10.383123
               7.8685999                      -10.430385
               7.8864999                      -10.476519
               7.9043999                      -10.521364
               7.9222999                      -10.564755
               7.9401999                      -10.606509
               7.9580998                      -10.646436
               7.9759998                      -10.684337
               7.9938998                      -10.720001
               8.0117998                      -10.753206
               8.0297003                      -10.783726
               8.0475998                      -10.811326
               8.0655003                      -10.835768
               8.0833998                      -10.856807
               8.1013002                        -10.8742
               8.1191998                      -10.887703
               8.1371002                      -10.897076
               8.1549997                      -10.902087
               8.1729002                      -10.902511
               8.1907997                      -10.898132
               8.2087002                      -10.888756
               8.2265997                        -10.8742
               8.2445002                      -10.854307
               8.2623997                      -10.828937
               8.2803001                      -10.797982
               8.2981997                      -10.761357
               8.3161001                      -10.719009
               8.3339996                      -10.670917
               8.3519001                      -10.617087
               8.3697996                      -10.557564
               8.3877001                      -10.492417
               8.4055996                      -10.421755
               8.4235001                      -10.345705
               8.4413996                      -10.264435
                  8.4593                      -10.178133
               8.4771996                      -10.087011
                  8.4951                      -9.9913045
               8.5129995                      -9.8912654
                  8.5309                      -9.7871658
               8.5488005                      -9.6792837
                  8.5667                      -9.5679139
               8.5846004                      -9.4533546
                  8.6025                      -9.3359072
               8.6204004                      -9.2158789
               8.6382999                      -9.0935717
               8.6562004                      -8.9692882
               8.6740999                      -8.8433242
               8.6920004                      -8.7159689
               8.7098999                      -8.5875061
               8.7278004                      -8.4582069
               8.7456999                      -8.3283342
               8.7636003                      -8.1981413
               8.7814999                      -8.0678676
               8.7994003                      -7.9377429
               8.8172998                      -7.8079824
               8.8352003                      -7.6787915
               8.8530998                       -7.550363
               8.8710003                      -7.4228762
               8.8888998                      -7.2964994
               8.9068003                      -7.1713893
               8.9246998                      -7.0476929
               8.9426003                      -6.9255425
               8.9604998                      -6.8050623
               8.9784002                      -6.6863671
               8.9962997                      -6.5695586
               9.0142002                      -6.4547318
               9.0320997                      -6.3419729
               9.0500002                      -6.2313566
               9.0678997                      -6.1229521
               9.0858002                      -6.0168197
               9.1036997                      -5.9130109
               9.1216002                      -5.8115719
               9.1394997                       -5.712543
               9.1574001                      -5.6159544
               9.1752996                      -5.5218318
               9.1932001                      -5.4301956
               9.2110996                      -5.3410608
               9.2290001                      -5.2544337
               9.2468996                      -5.1703178
               9.2648001                      -5.0887128
               9.2826996                      -5.0096098
               9.3006001                      -4.9329992
               9.3184996                      -4.8588635
                  9.3364                      -4.7871829
               9.3542995                      -4.7179328
                  9.3722                      -4.6510838
               9.3900995                       -4.586605
                   9.408                      -4.5244578
               9.4259005                      -4.4646052
                  9.4438                      -4.4070021
               9.4617004                      -4.3516029
                  9.4796                      -4.2983586
               9.4975004                      -4.2472157
               9.5153999                      -4.1981198
               9.5333004                      -4.1510146
               9.5511999                      -4.1058392
               9.5691004                       -4.062532
               9.5869999                      -4.0210297
               9.6049004                      -3.9812681
               9.6227999                      -3.9431791
               9.6407003                      -3.9066966
               9.6585999                      -3.8717514
               9.6765003                      -3.8382744
               9.6943998                      -3.8061988
               9.7123003                      -3.7754545
               9.7301998                      -3.7459739
               9.7481003                      -3.7176903
               9.7659998                       -3.690535
               9.7839003                      -3.6644483
               9.8017998                      -3.6393639
               9.8197002                      -3.6152237
               9.8375998                      -3.5919677
               9.8555002                      -3.5695441
               9.8733997                      -3.5478997
               9.8913002                      -3.5269869
               9.9091997                      -3.5067635
               9.9271002                      -3.4871868
               9.9449997                      -3.4682259
               9.9629002                      -3.4498454
               9.9807997                      -3.4320224
               9.9987001                      -3.4147342
                 10.0166                      -3.3979661
                 10.0345                      -3.3817056
                 10.0524                       -3.365947
                 10.0703                      -3.3506904
                 10.0882                      -3.3359396
                 10.1061                      -3.3217025
                  10.124                      -3.3079937
                 10.1419                      -3.2948301
                 10.1598                      -3.2822359
                 10.1777                      -3.2702355
                 10.1956                      -3.2588593
                 10.2135                      -3.2481413
                 10.2314                      -3.2381157
                 10.2493                      -3.2288221
                 10.2672                      -3.2203017
                 10.2851                       -3.212596
                  10.303                      -3.2057486
                 10.3209                      -3.1998025
                 10.3388                      -3.1948031
                 10.3567                      -3.1907947
                 10.3746                      -3.1878193
                 10.3925                      -3.1859199
                 10.4104                      -3.1851352
                 10.4283                      -3.1855052
                 10.4462                      -3.1870633
                 10.4641                      -3.1898421
                  10.482                      -3.1938706
                 10.4999                      -3.1991725
                 10.5178                      -3.2057677
                 10.5357                      -3.2136703
                 10.5536                      -3.2228936
                 10.5715                      -3.2334393
                 10.5894                      -3.2453058
                 10.6073                      -3.2584862
                 10.6252                       -3.272966
                 10.6431                      -3.2887252
                  10.661                      -3.3057344
                 10.6789                      -3.3239611
                 10.6968                      -3.3433616
                 10.7147                      -3.3638871
                 10.7326                      -3.3854812
                 10.7505                      -3.4080785
                 10.7684                      -3.4316107
                 10.7863                      -3.4559983
                 10.8042                      -3.4811547
                 10.8221                       -3.506988
                   10.84                      -3.5334038
                 10.8579                      -3.5602935
                 10.8758                      -3.5875469
                 10.8937                      -3.6150526
                 10.9116                      -3.6426895
                 10.9295                      -3.6703341
                 10.9474                      -3.6978594
                 10.9653                      -3.7251407
                 10.9832                      -3.7520468
                 11.0011                       -3.778448
                  11.019                      -3.8042186
                 11.0369                      -3.8292284
                 11.0548                      -3.8533572
                 11.0727                      -3.8764853
                 11.0906                      -3.8984971
                 11.1085                      -3.9192882
                 11.1264                      -3.9387556
                 11.1443                      -3.9568126
                 11.1622                      -3.9733763
                 11.1801                      -3.9883733
                  11.198                      -4.0017475
                 11.2159                      -4.0134511
                 11.2338                      -4.0234475
                 11.2517                      -4.0317161
                 11.2696                       -4.038249
                 11.2875                      -4.0430467
                 11.3054                      -4.0461314
                 11.3233                      -4.0475315
                 11.3412                      -4.0472891
                 11.3591                        -4.04546
                  11.377                      -4.0421095
                 11.3949                      -4.0373145
                 11.4128                       -4.031161
                 11.4307                      -4.0237429
                 11.4486                      -4.0151621
                 11.4665                      -4.0055306
                 11.4844                      -3.9949575
                 11.5023                      -3.9835625
                 11.5202                      -3.9714681
                 11.5381                      -3.9587956
                  11.556                      -3.9456686
                 11.5739                      -3.9322127
                 11.5918                      -3.9185483
                 11.6097                      -3.9047978
                 11.6276                      -3.8910771
                 11.6455                      -3.8775025
                 11.6634                      -3.8641821
                 11.6813                      -3.8512214
                 11.6992                       -3.838723
                 11.7171                       -3.826778
                  11.735                      -3.8154739
                 11.7529                      -3.8048956
                 11.7708                       -3.795116
                 11.7887                      -3.7862033
                 11.8066                      -3.7782199
                 11.8245                      -3.7712209
                 11.8424                      -3.7652539
                 11.8603                      -3.7603602
                 11.8782                      -3.7565741
                 11.8961                      -3.7539247
                  11.914                      -3.7524334
                 11.9319                      -3.7521172
                 11.9498                      -3.7529839
                 11.9677                       -3.755041
                 11.9856                      -3.7582856
                 12.0035                      -3.7627142
                 12.0214                      -3.7683157
                 12.0393                      -3.7750758
                 12.0572                      -3.7829778
                 12.0751                          -3.792
                  12.093                      -3.8021166
                 12.1109                      -3.8133015
                 12.1288                      -3.8255247
                 12.1467                      -3.8387554
                 12.1646                      -3.8529595
                 12.1825                      -3.8681049
                 12.2004                      -3.8841555
                 12.2183                      -3.9010757
                 12.2362                      -3.9188317
                 12.2541                      -3.9373871
                  12.272                      -3.9567102
                 12.2899                      -3.9767646
                 12.3078                      -3.9975206
                 12.3257                      -4.0189465
                 12.3436                      -4.0410149
                 12.3615                       -4.063698
                 12.3794                      -4.0869736
                 12.3973                      -4.1108166
                 12.4152                      -4.1352099
                 12.4331                      -4.1601362
                  12.451                      -4.1855813
                 12.4689                      -4.2115335
                 12.4868                      -4.2379867
                 12.5047                      -4.2649318
                 12.5226                      -4.2923677
                 12.5405                      -4.3202941
                 12.5584                      -4.3487137
                 12.5763                      -4.3776294
                 12.5942                      -4.4070486
                 12.6121                      -4.4369817
                   12.63                      -4.4674377
                 12.6479                      -4.4984309
                 12.6658                      -4.5299736
                 12.6837                      -4.5620844
                 12.7016                      -4.5947761
                 12.7195                      -4.6280666
                 12.7374                      -4.6619722
                 12.7553                      -4.6965134
                 12.7732                      -4.7317048
                 12.7911                      -4.7675642
                  12.809                      -4.8041072
                 12.8269                      -4.8413489
                 12.8448                      -4.8793053
                 12.8627                      -4.9179878
                 12.8806                      -4.9574065
                 12.8985                      -4.9975694
                 12.9164                      -5.0384863
                 12.9343                      -5.0801596
                 12.9522                      -5.1225899
                 12.9701                      -5.1657775
                  12.988                      -5.2097163
                 13.0059                      -5.2544017
                 13.0238                      -5.2998202
                 13.0417                       -5.345959
                 13.0596                      -5.3928012
                 13.0775                      -5.4403244
                 13.0954                      -5.4885033
                 13.1133                      -5.5373112
                 13.1312                      -5.5867124
                 13.1491                      -5.6366737
                  13.167                      -5.6871543
                 13.1849                      -5.7381114
                 13.2028                      -5.7894959
                 13.2207                      -5.8412583
                 13.2386                      -5.8933452
                 13.2565                      -5.9456981
                 13.2744                      -5.9982571
                 13.2923                      -6.0509595
                 13.3102                      -6.1037398
                 13.3281                       -6.156529
                  13.346                      -6.2092573
                 13.3639                      -6.2618538
                 13.3818                       -6.314246
                 13.3997                      -6.3663589
                 13.4176                      -6.4181183
                 13.4355                      -6.4694508
                 13.4534                      -6.5202824
                 13.4713                      -6.5705384
                 13.4892                      -6.6201497
                 13.5071                      -6.6690444
                  13.525                      -6.7171563
                 13.5429                      -6.7644184
                 13.5608                      -6.8107714
                 13.5787                       -6.856156
                 13.5966                      -6.9005175
                 13.6145                      -6.9438082
                 13.6324                      -6.9859833
                 13.6503                      -7.0270008
                 13.6682                       -7.066829
                 13.6861                      -7.1054365
                  13.704                      -7.1428017
                 13.7219                       -7.178906
                 13.7398                      -7.2137374
                 13.7577                      -7.2472894
                 13.7756                      -7.2795614
                 13.7935                      -7.3105551
                 13.8114                      -7.3402814
                 13.8293                      -7.3687527
                 13.8472                      -7.3959857
                 13.8651                      -7.4220032
                  13.883                      -7.4468277
                 13.9009                      -7.4704857
                 13.9188                      -7.4930067
                 13.9367                      -7.5144192
                 13.9546                      -7.5347561
                 13.9725                      -7.5540457
                 13.9904                      -7.5723191
                 14.0083                      -7.5896063
                 14.0262                       -7.605933
                 14.0441                      -7.6213243
                  14.062                      -7.6358025
                 14.0799                      -7.6493853
                 14.0978                      -7.6620888
                 14.1157                      -7.6739224
                 14.1336                      -7.6848915
                 14.1515                      -7.6949977
                 14.1694                      -7.7042362
                 14.1873                      -7.7125994
                 14.2052                       -7.720071
                 14.2231                      -7.7266316
                  14.241                      -7.7322576
                 14.2589                      -7.7369202
                 14.2768                      -7.7405842
                 14.2947                      -7.7432126
                 14.3126                      -7.7447654
                 14.3305                       -7.745196
                 14.3484                      -7.7444599
                 14.3663                      -7.7425084
                 14.3842                      -7.7392928
                 14.4021                      -7.7347634
                   14.42                       -7.728871
                 14.4379                      -7.7215704
                 14.4558                      -7.7128167
                 14.4737                      -7.7025685
                 14.4916                      -7.6907887
                 14.5095                      -7.6774457
                 14.5274                      -7.6625128
                 14.5453                      -7.6459701
                 14.5632                      -7.6278043
                 14.5811                        -7.60801
                  14.599                      -7.5865883
                 14.6169                      -7.5635506
                 14.6348                      -7.5389153
                 14.6527                      -7.5127094
                 14.6706                      -7.4849668
                 14.6885                      -7.4557324
                 14.7064                      -7.4250558
                 14.7243                      -7.3929958
                 14.7422                      -7.3596169
                 14.7601                      -7.3249903
                  14.778                      -7.2891917
                 14.7959                      -7.2523029
                 14.8138                       -7.214409
                 14.8317                      -7.1755963
                 14.8496                      -7.1359557
                 14.8675                      -7.0955771
                 14.8854                      -7.0545502
                 14.9033                      -7.0129641
                 14.9212                      -6.9709077
                 14.9391                      -6.9284669
                  14.957                      -6.8857215
                 14.9749                      -6.8427502
                 14.9928                      -6.7996244
                 15.0107                      -6.7564107
                 15.0286                      -6.7131715
                 15.0465                      -6.6699592
                 15.0644                      -6.6268223
                 15.0823                      -6.5837998
                 15.1002                      -6.5409238
                 15.1181                      -6.4982185
                  15.136                      -6.4557014
                 15.1539                        -6.41338
                 15.1718                      -6.3712562
                 15.1897                      -6.3293251
                 15.2076                      -6.2875698
                 15.2255                      -6.2459722
                 15.2434                      -6.2045054
                 15.2613                      -6.1631349
                 15.2792                      -6.1218227
                 15.2971                      -6.0805256
                  15.315                      -6.0391944
                 15.3329                       -5.997781
                 15.3508                      -5.9562277
                 15.3687                      -5.9144789
                 15.3866                      -5.8724825
                 15.4045                      -5.8301735
                 15.4224                      -5.7875007
                 15.4403                      -5.7444056
                 15.4582                      -5.7008342
                 15.4761                      -5.6567377
                  15.494                      -5.6120675
                 15.5119                      -5.5667829
                 15.5298                      -5.5208442
                 15.5477                      -5.4742199
                 15.5656                      -5.4268848
                 15.5835                      -5.3788193
                 15.6014                      -5.3300116
                 15.6193                       -5.280454
                 15.6372                      -5.2301499
                 15.6551                      -5.1791091
                  15.673                      -5.1273476
                 15.6909                      -5.0748854
                 15.7088                      -5.0217548
                 15.7267                      -4.9679929
                 15.7446                      -4.9136391
                 15.7625                      -4.8587421
                 15.7804                      -4.8033538
                 15.7983                      -4.7475315
                 15.8162                      -4.6913348
                 15.8341                      -4.6348269
                  15.852                      -4.5780714
                 15.8699                       -4.521137
                 15.8878                      -4.4640895
                 15.9057                      -4.4069955
                 15.9236                      -4.3499237
                 15.9415                      -4.2929388
                 15.9594                      -4.2361036
                 15.9773                      -4.1794805
                 15.9952                      -4.1231273
                 16.0131                      -4.0670979
                  16.031                      -4.0114437
               16.048901                      -3.9562119
               16.066799                      -3.9014443
                 16.0847                      -3.8471788
                 16.1026                      -3.7934477
               16.120501                      -3.7402802
               16.138399                       -3.687697
                 16.1563                      -3.6357185
                 16.1742                      -3.5843554
               16.192101                      -3.5336167
               16.209999                      -3.4835077
                 16.2279                      -3.4340252
                 16.2458                      -3.3851653
                 16.2637                      -3.3369202
               16.281601                      -3.2892763
                 16.2995                      -3.2422214
                 16.3174                      -3.1957362
                 16.3353                      -3.1498013
               16.353201                      -3.1043948
               16.371099                      -3.0594961
                  16.389                      -3.0150811
                 16.4069                      -2.9711268
               16.424801                      -2.9276101
               16.442699                      -2.8845097
                 16.4606                      -2.8418046
                 16.4785                      -2.7994776
               16.496401                      -2.7575096
               16.514299                      -2.7158894
                 16.5322                      -2.6746054
                 16.5501                      -2.6336508
               16.568001                      -2.5930213
               16.585899                      -2.5527193
                 16.6038                      -2.5127482
                 16.6217                      -2.4731185
               16.639601                      -2.4338425
               16.657499                      -2.3949393
                 16.6754                      -2.3564324
                 16.6933                      -2.3183489
               16.711201                      -2.2807195
               16.729099                      -2.2435808
                  16.747                      -2.2069718
                 16.7649                      -2.1709383
               16.782801                      -2.1355261
               16.800699                      -2.1007856
                 16.8186                      -2.0667702
                 16.8365                      -2.0335373
               16.854401                        -2.00114
               16.872299                      -1.9696415
                 16.8902                      -1.9390993
                 16.9081                       -1.909577
               16.926001                      -1.8811328
               16.943899                      -1.8538299
                 16.9618                      -1.8277276
                 16.9797                      -1.8028854
               16.997601                      -1.7793611
               17.015499                      -1.7572102
                 17.0334                      -1.7364873
                 17.0513                      -1.7172429
               17.069201                      -1.6995236
               17.087099                      -1.6833752
                  17.105                      -1.6688379
                 17.1229                      -1.6559492
                 17.1408                      -1.6447422
               17.158701                      -1.6352433
                 17.1766                       -1.627478
                 17.1945                       -1.621465
                 17.2124                      -1.6172174
               17.230301                      -1.6147439
               17.248199                        -1.61405
                 17.2661                      -1.6151314
                  17.284                      -1.6179833
               17.301901                      -1.6225933
               17.319799                      -1.6289419
                 17.3377                      -1.6370086
                 17.3556                      -1.6467651
               17.373501                      -1.6581789
               17.391399                      -1.6712113
                 17.4093                      -1.6858213
                 17.4272                      -1.7019607
               17.445101                      -1.7195794
               17.462999                      -1.7386218
                 17.4809                      -1.7590292
                 17.4988                      -1.7807403
               17.516701                       -1.803691
               17.534599                      -1.8278125
                 17.5525                      -1.8530378
                 17.5704                      -1.8792947
               17.588301                      -1.9065117
               17.606199                      -1.9346184
                 17.6241                       -1.963542
                  17.642                      -1.9932106
               17.659901                      -2.0235573
               17.677799                      -2.0545104
                 17.6957                      -2.0860072
                 17.7136                      -2.1179849
               17.731501                      -2.1503849
               17.749399                      -2.1831522
                 17.7673                       -2.216237
                 17.7852                      -2.2495959
               17.803101                      -2.2831888
               17.820999                      -2.3169827
                 17.8389                       -2.350952
                 17.8568                      -2.3850758
               17.874701                      -2.4193406
               17.892599                      -2.4537395
                 17.9105                      -2.4882723
                 17.9284                      -2.5229476
               17.946301                      -2.5577781
               17.964199                      -2.5927839
                 17.9821                      -2.6279902
                      18                      -2.6634307

