        Frequency / GHz                S1,1/abs,dB
                       0                               0
             0.016000001                  -0.00023770019
             0.032000002                  -0.00094266228
                   0.048                   -0.0021156694
             0.064000003                   -0.0037438045
             0.079999998                   -0.0058172068
             0.096000001                   -0.0083210247
                   0.112                    -0.011236716
              0.12800001                    -0.014544214
              0.14399999                    -0.018218747
                    0.16                    -0.022236873
                   0.176                    -0.026570615
                   0.192                    -0.031188334
                   0.208                    -0.036062032
              0.22400001                    -0.041158121
              0.23999999                    -0.046444905
              0.25600001                      -0.0518892
              0.27200001                    -0.057457036
              0.28799999                    -0.063116281
              0.30399999                    -0.068834243
              0.31999999                    -0.074580843
                   0.336                     -0.08032544
                   0.352                    -0.086039411
                   0.368                    -0.091696546
                   0.384                    -0.097273402
              0.40000001                     -0.10274713
              0.41600001                     -0.10809788
              0.43200001                     -0.11331036
              0.44800001                     -0.11836976
              0.46399999                     -0.12326547
              0.47999999                     -0.12798903
              0.49599999                     -0.13253645
              0.51200002                      -0.1369053
                   0.528                     -0.14109699
              0.54400003                      -0.1451152
                    0.56                     -0.14896576
              0.57599998                     -0.15265961
              0.59200001                       -0.156207
              0.60799998                     -0.15962215
              0.62400001                     -0.16291965
              0.63999999                     -0.16611792
              0.65600002                     -0.16923728
              0.67199999                      -0.1722946
              0.68800002                     -0.17531292
                   0.704                      -0.1783132
              0.72000003                      -0.1813166
                   0.736                     -0.18434547
              0.75199997                     -0.18742124
              0.76800001                     -0.19056536
              0.78399998                     -0.19379784
              0.80000001                     -0.19713855
              0.81599998                     -0.20060511
              0.83200002                     -0.20421591
              0.84799999                     -0.20798447
              0.86400002                     -0.21192684
                    0.88                     -0.21605402
              0.89600003                     -0.22037697
                   0.912                     -0.22490302
              0.92799997                     -0.22964135
              0.94400001                     -0.23459494
              0.95999998                     -0.23976782
              0.97600001                      -0.2451613
              0.99199998                     -0.25077522
                   1.008                     -0.25660857
                   1.024                      -0.2626582
                    1.04                     -0.26891953
                   1.056                     -0.27538817
                   1.072                     -0.28205823
               1.0880001                     -0.28892475
                   1.104                     -0.29597911
                    1.12                     -0.30321643
                   1.136                     -0.31063057
                   1.152                     -0.31821551
                   1.168                     -0.32596716
                   1.184                     -0.33388125
                     1.2                     -0.34195689
                   1.216                     -0.35019434
                   1.232                     -0.35859381
                   1.248                     -0.36716086
               1.2640001                     -0.37590353
                    1.28                     -0.38483045
                   1.296                     -0.39395429
                   1.312                     -0.40329174
               1.3279999                     -0.41286402
                   1.344                     -0.42269358
                    1.36                     -0.43280958
                   1.376                     -0.44324175
                   1.392                      -0.4540276
                   1.408                     -0.46520774
                   1.424                     -0.47682571
               1.4400001                     -0.48893143
                   1.456                     -0.50157778
                   1.472                     -0.51482378
                   1.488                     -0.52873131
               1.5039999                     -0.54336715
                    1.52                     -0.55880132
                   1.536                     -0.57511198
                   1.552                     -0.59237572
                   1.568                      -0.6106776
                   1.584                     -0.63010537
                     1.6                     -0.65074921
               1.6160001                     -0.67270573
                   1.632                     -0.69607223
                   1.648                     -0.72095005
                   1.664                     -0.74744655
               1.6799999                     -0.77566711
                   1.696                     -0.80572497
                   1.712                     -0.83773354
                   1.728                     -0.87180851
                   1.744                     -0.90807047
                    1.76                     -0.94663855
                   1.776                     -0.98763623
               1.7920001                      -1.0311872
                   1.808                      -1.0774203
                   1.824                      -1.1264605
                    1.84                      -1.1784392
               1.8559999                      -1.2334821
                   1.872                      -1.2917224
                   1.888                      -1.3532901
                   1.904                      -1.4183133
                    1.92                      -1.4869251
                   1.936                       -1.559252
                   1.952                      -1.6354226
               1.9680001                      -1.7155639
                   1.984                      -1.7998015
                       2                      -1.8882545
                   2.016                      -1.9810461
               2.0320001                      -2.0782908
               2.0480001                      -2.1801032
               2.0639999                      -2.2865909
               2.0799999                      -2.3978584
                   2.096                      -2.5140054
                   2.112                      -2.6351247
                   2.128                      -2.7613076
               2.1440001                      -2.8926324
               2.1600001                      -3.0291774
               2.1760001                      -3.1710098
               2.1919999                      -3.3181917
               2.2079999                      -3.4707749
                   2.224                      -3.6288083
                    2.24                       -3.792327
                   2.256                      -3.9613642
               2.2720001                       -4.135937
               2.2880001                      -4.3160619
               2.3039999                      -4.5017413
               2.3199999                      -4.6929731
                   2.336                      -4.8897468
                   2.352                      -5.0920404
                   2.368                      -5.2998249
               2.3840001                      -5.5130674
               2.4000001                      -5.7317207
               2.4159999                      -5.9557343
               2.4319999                       -6.185051
                   2.448                      -6.4196024
                   2.464                      -6.6593177
                    2.48                      -6.9041159
               2.4960001                      -7.1539103
               2.5120001                      -7.4086083
               2.5280001                      -7.6681106
               2.5439999                      -7.9323099
               2.5599999                      -8.2010935
                   2.576                       -8.474341
                   2.592                      -8.7519242
                   2.608                      -9.0337082
               2.6240001                      -9.3195496
               2.6400001                      -9.6092946
               2.6559999                      -9.9027811
               2.6719999                      -10.199835
                   2.688                      -10.500263
                   2.704                      -10.803869
                    2.72                      -11.110429
               2.7360001                      -11.419705
               2.7520001                      -11.731435
               2.7679999                      -12.045331
               2.7839999                       -12.36108
                     2.8                      -12.678324
                   2.816                      -12.996681
                   2.832                       -13.31571
                   2.848                       -13.63493
               2.8640001                      -13.953804
               2.8800001                      -14.271723
               2.8959999                      -14.588017
               2.9119999                      -14.901936
                   2.928                      -15.212645
                   2.944                      -15.519226
                    2.96                      -15.820663
               2.9760001                      -16.115845
               2.9920001                      -16.403571
               3.0079999                      -16.682551
               3.0239999                      -16.951411
                    3.04                      -17.208716
                   3.056                      -17.452987
                   3.072                      -17.682728
               3.0880001                      -17.896467
               3.1040001                      -18.092787
               3.1199999                      -18.270377
               3.1359999                      -18.428079
                   3.152                      -18.564928
                   3.168                      -18.680199
                   3.184                      -18.773434
                     3.2                      -18.844465
               3.2160001                      -18.893431
               3.2320001                      -18.920763
               3.2479999                       -18.92717
               3.2639999                      -18.913596
                    3.28                      -18.881216
                   3.296                      -18.831344
                   3.312                      -18.765421
               3.3280001                       -18.68495
               3.3440001                      -18.591455
               3.3599999                      -18.486452
               3.3759999                      -18.371407
                   3.392                      -18.247719
                   3.408                       -18.11669
                   3.424                       -17.97953
               3.4400001                      -17.837337
               3.4560001                      -17.691092
               3.4719999                      -17.541678
               3.4879999                      -17.389855
               3.5039999                      -17.236291
                    3.52                      -17.081549
                   3.536                      -16.926108
                   3.552                      -16.770358
               3.5680001                      -16.614616
               3.5840001                      -16.459123
               3.5999999                      -16.304062
               3.6159999                      -16.149557
                   3.632                      -15.995682
                   3.648                      -15.842459
                   3.664                      -15.689875
               3.6800001                      -15.537882
               3.6960001                      -15.386399
               3.7119999                      -15.235317
               3.7279999                       -15.08451
                   3.744                      -14.933828
                    3.76                      -14.783118
                   3.776                      -14.632207
               3.7920001                      -14.480924
               3.8080001                      -14.329094
               3.8239999                      -14.176546
               3.8399999                      -14.023117
               3.8559999                      -13.868654
                   3.872                      -13.713014
                   3.888                      -13.556076
                   3.904                      -13.397733
               3.9200001                      -13.237907
               3.9360001                      -13.076541
               3.9519999                        -12.9136
               3.9679999                      -12.749077
                   3.984                      -12.582999
                       4                      -12.415416
               4.0159998                      -12.246402
               4.0320001                      -12.076063
               4.0479999                      -11.904526
               4.0640001                      -11.731945
               4.0799999                       -11.55849
               4.0960002                       -11.38436
                   4.112                      -11.209762
               4.1279998                       -11.03492
               4.1440001                      -10.860068
               4.1599998                      -10.685452
               4.1760001                      -10.511325
               4.1919999                      -10.337938
               4.2080002                      -10.165542
                   4.224                      -9.9943988
               4.2399998                      -9.8247532
                   4.256                      -9.6568517
               4.2719998                      -9.4909321
               4.2880001                      -9.3272249
               4.3039999                      -9.1659438
               4.3200002                      -9.0073014
                   4.336                      -8.8514952
               4.3520002                      -8.6987044
                   4.368                      -8.5491019
               4.3839998                      -8.4028441
               4.4000001                      -8.2600767
               4.4159999                      -8.1209282
               4.4320002                      -7.9855134
                   4.448                      -7.8539346
               4.4640002                      -7.7262829
                    4.48                      -7.6026334
               4.4959998                      -7.4830493
               4.5120001                      -7.3675799
               4.5279999                      -7.2562659
               4.5440001                       -7.149135
               4.5599999                      -7.0462015
               4.5760002                      -6.9474732
                   4.592                      -6.8529462
               4.6079998                      -6.7626059
               4.6240001                      -6.6764309
               4.6399999                      -6.5943892
               4.6560001                      -6.5164436
               4.6719999                      -6.4425481
               4.6880002                      -6.3726493
                   4.704                      -6.3066901
               4.7199998                      -6.2446034
               4.7360001                      -6.1863214
               4.7519999                      -6.1317704
               4.7680001                      -6.0808695
               4.7839999                      -6.0335404
               4.8000002                      -5.9896951
                   4.816                       -5.949248
               4.8319998                        -5.91211
                   4.848                      -5.8781912
               4.8639998                      -5.8474001
               4.8800001                      -5.8196444
               4.8959999                      -5.7948375
               4.9120002                      -5.7728872
                   4.928                      -5.7537055
               4.9439998                      -5.7372094
                    4.96                      -5.7233153
               4.9759998                      -5.7119457
               4.9920001                      -5.7030263
               5.0079999                      -5.6964877
               5.0240002                      -5.6922673
                    5.04                      -5.6903069
               5.0560002                      -5.6905557
                   5.072                      -5.6929711
               5.0879998                      -5.6975178
               5.1040001                      -5.7041668
               5.1199999                      -5.7129002
               5.1360002                      -5.7237086
                   5.152                      -5.7365923
               5.1680002                      -5.7515596
                   5.184                        -5.76863
               5.1999998                      -5.7878321
               5.2160001                      -5.8092056
               5.2319999                      -5.8327999
               5.2480001                      -5.8586731
               5.2639999                      -5.8868957
               5.2800002                      -5.9175433
                   5.296                      -5.9507073
               5.3119998                      -5.9864829
               5.3280001                      -6.0249759
               5.3439999                      -6.0663011
               5.3600001                      -6.1105822
               5.3759999                      -6.1579472
               5.3920002                      -6.2085356
                   5.408                      -6.2624887
               5.4239998                      -6.3199584
               5.4400001                      -6.3811004
               5.4559999                      -6.4460754
               5.4720001                      -6.5150502
               5.4879999                      -6.5881923
               5.5040002                      -6.6656788
                    5.52                      -6.7476848
               5.5359998                      -6.8343892
                   5.552                      -6.9259768
               5.5679998                      -7.0226303
               5.5840001                      -7.1245352
               5.5999999                      -7.2318768
               5.6160002                      -7.3448438
                   5.632                      -7.4636221
               5.6479998                      -7.5883971
                   5.664                      -7.7193552
               5.6799998                      -7.8566808
               5.6960001                      -8.0005504
               5.7119999                      -8.1511492
               5.7280002                      -8.3086454
                   5.744                      -8.4732141
               5.7600002                      -8.6450199
                   5.776                      -8.8242172
               5.7919998                      -9.0109627
               5.8080001                      -9.2053935
               5.8239999                      -9.4076448
               5.8400002                      -9.6178352
               5.8559999                      -9.8360687
               5.8720002                      -10.062432
                   5.888                      -10.296997
               5.9039998                      -10.539801
               5.9200001                      -10.790867
               5.9359999                      -11.050176
               5.9520001                      -11.317677
               5.9679999                      -11.593269
               5.9840002                      -11.876802
                       6                      -12.168068
               6.0159998                      -12.466789
               6.0320001                      -12.772593
               6.0479999                      -13.085032
               6.0640001                      -13.403543
               6.0799999                       -13.72743
               6.0960002                      -14.055871
                   6.112                      -14.387886
               6.1279998                      -14.722322
               6.1440001                      -15.057843
               6.1599998                      -15.392922
               6.1760001                      -15.725821
               6.1919999                      -16.054626
               6.2080002                      -16.377227
                   6.224                      -16.691362
               6.2399998                      -16.994661
                   6.256                      -17.284706
               6.2719998                      -17.559118
               6.2880001                       -17.81562
               6.3039999                      -18.052183
               6.3200002                      -18.267104
                   6.336                      -18.459091
               6.3520002                      -18.627367
                   6.368                       -18.77169
               6.3839998                       -18.89239
               6.4000001                      -18.990316
               6.4159999                      -19.066804
               6.4320002                      -19.123587
                   6.448                      -19.162681
               6.4640002                      -19.186288
                    6.48                      -19.196722
               6.4959998                      -19.196268
               6.5120001                      -19.187152
               6.5279999                      -19.171453
               6.5440001                      -19.151097
               6.5599999                      -19.127811
               6.5760002                        -19.1031
                   6.592                      -19.078287
               6.6079998                      -19.054479
               6.6240001                      -19.032589
               6.6399999                      -19.013379
               6.6560001                      -18.997422
               6.6719999                      -18.985162
               6.6880002                       -18.97691
                   6.704                      -18.972865
               6.7199998                      -18.973129
               6.7360001                      -18.977709
               6.7519999                      -18.986521
               6.7680001                      -18.999446
               6.7839999                      -19.016277
               6.8000002                      -19.036759
                   6.816                      -19.060608
               6.8319998                      -19.087489
                   6.848                      -19.117036
               6.8639998                      -19.148857
               6.8800001                      -19.182543
               6.8959999                      -19.217654
               6.9120002                      -19.253761
                   6.928                      -19.290403
               6.9439998                      -19.327129
                    6.96                      -19.363484
               6.9759998                      -19.399023
               6.9920001                        -19.4333
               7.0079999                      -19.465889
               7.0240002                      -19.496378
                    7.04                      -19.524372
               7.0560002                      -19.549506
                   7.072                      -19.571431
               7.0879998                      -19.589835
               7.1040001                      -19.604429
               7.1199999                      -19.614968
               7.1360002                      -19.621229
                   7.152                      -19.623038
               7.1680002                      -19.620246
                   7.184                      -19.612744
               7.1999998                      -19.600469
               7.2160001                      -19.583383
               7.2319999                      -19.561496
               7.2480001                      -19.534848
               7.2639999                      -19.503506
               7.2800002                      -19.467585
                   7.296                      -19.427224
               7.3119998                      -19.382588
               7.3280001                      -19.333881
               7.3439999                      -19.281313
               7.3600001                       -19.22513
               7.3759999                      -19.165594
               7.3920002                      -19.102989
                   7.408                      -19.037601
               7.4239998                      -18.969748
               7.4400001                      -18.899734
               7.4559999                      -18.827878
               7.4720001                      -18.754513
               7.4879999                      -18.679964
               7.5040002                      -18.604543
                    7.52                      -18.528587
               7.5359998                      -18.452402
                   7.552                        -18.3763
               7.5679998                      -18.300573
               7.5840001                      -18.225508
               7.5999999                      -18.151392
               7.6160002                      -18.078472
                   7.632                      -18.006995
               7.6479998                      -17.937204
                   7.664                      -17.869298
               7.6799998                      -17.803486
               7.6960001                      -17.739933
               7.7119999                      -17.678804
               7.7280002                      -17.620246
                   7.744                       -17.56437
               7.7600002                       -17.51128
                   7.776                      -17.461066
               7.7919998                      -17.413789
               7.8080001                      -17.369489
               7.8239999                      -17.328187
               7.8400002                      -17.289894
               7.8559999                      -17.254589
               7.8720002                      -17.222238
                   7.888                      -17.192784
               7.9039998                      -17.166158
               7.9200001                      -17.142253
               7.9359999                      -17.120962
               7.9520001                      -17.102157
               7.9679999                      -17.085677
               7.9840002                      -17.071356
                       8                      -17.059005
               8.0159998                      -17.048421
               8.0319996                      -17.039381
               8.0480003                      -17.031654
               8.0640001                       -17.02498
               8.0799999                      -17.019107
               8.0959997                      -17.013757
               8.1120005                      -17.008653
               8.1280003                      -17.003502
               8.1440001                      -16.998019
               8.1599998                      -16.991908
               8.1759996                      -16.984885
               8.1920004                       -16.97666
               8.2080002                      -16.966962
                   8.224                      -16.955527
               8.2399998                       -16.94211
               8.2559996                      -16.926483
               8.2720003                      -16.908448
               8.2880001                      -16.887822
               8.3039999                      -16.864464
               8.3199997                      -16.838253
               8.3360004                      -16.809115
               8.3520002                      -16.777004
                   8.368                      -16.741913
               8.3839998                      -16.703872
               8.3999996                       -16.66295
               8.4160004                      -16.619253
               8.4320002                      -16.572922
                   8.448                      -16.524132
               8.4639997                      -16.473091
               8.4799995                      -16.420034
               8.4960003                      -16.365224
               8.5120001                      -16.308946
               8.5279999                      -16.251504
               8.5439997                       -16.19322
               8.5600004                       -16.13443
               8.5760002                      -16.075478
                   8.592                      -16.016716
               8.6079998                      -15.958499
               8.6239996                      -15.901185
               8.6400003                      -15.845132
               8.6560001                      -15.790695
               8.6719999                      -15.738225
               8.6879997                      -15.688065
               8.7040005                      -15.640555
               8.7200003                      -15.596026
               8.7360001                      -15.554799
               8.7519999                      -15.517191
               8.7679996                      -15.483502
               8.7840004                      -15.454031
               8.8000002                      -15.429065
                   8.816                      -15.408883
               8.8319998                      -15.393753
               8.8479996                       -15.38393
               8.8640003                      -15.379675
               8.8800001                      -15.381233
               8.8959999                      -15.388835
               8.9119997                      -15.402719
               8.9280005                       -15.42311
               8.9440002                      -15.450218
                    8.96                      -15.484268
               8.9759998                      -15.525452
               8.9919996                      -15.573983
               9.0080004                      -15.630049
               9.0240002                      -15.693845
                    9.04                      -15.765552
               9.0559998                      -15.845351
               9.0719995                      -15.933408
               9.0880003                      -16.029885
               9.1040001                      -16.134946
               9.1199999                      -16.248723
               9.1359997                      -16.371365
               9.1520004                      -16.502985
               9.1680002                      -16.643687
                   9.184                      -16.793573
               9.1999998                      -16.952697
               9.2159996                      -17.121112
               9.2320004                      -17.298827
               9.2480001                      -17.485831
               9.2639999                      -17.682069
               9.2799997                      -17.887423
               9.2959995                      -18.101744
               9.3120003                      -18.324813
               9.3280001                      -18.556332
               9.3439999                      -18.795908
               9.3599997                      -19.043077
               9.3760004                       -19.29724
               9.3920002                      -19.557674
                   9.408                      -19.823515
               9.4239998                      -20.093746
               9.4399996                      -20.367171
               9.4560003                      -20.642399
               9.4720001                      -20.917862
               9.4879999                      -21.191776
               9.5039997                      -21.462182
               9.5200005                      -21.726933
               9.5360003                      -21.983728
                   9.552                       -22.23015
               9.5679998                      -22.463777
               9.5839996                      -22.682152
               9.6000004                      -22.882958
               9.6160002                      -23.064084
                   9.632                      -23.223668
               9.6479998                      -23.360252
               9.6639996                      -23.472745
               9.6800003                      -23.560549
               9.6960001                      -23.623492
               9.7119999                      -23.661808
               9.7279997                       -23.67612
               9.7440004                      -23.667282
               9.7600002                      -23.636364
                   9.776                      -23.584512
               9.7919998                      -23.512901
               9.8079996                       -23.42261
               9.8240004                      -23.314639
               9.8400002                      -23.189822
               9.8559999                      -23.048848
               9.8719997                       -22.89225
               9.8879995                      -22.720443
               9.9040003                      -22.533741
               9.9200001                      -22.332403
               9.9359999                      -22.116687
               9.9519997                      -21.886878
               9.9680004                      -21.643338
               9.9840002                      -21.386537
                      10                      -21.117062
                  10.016                      -20.835646
                  10.032                      -20.543161
                  10.048                      -20.240607
                  10.064                      -19.929085
                   10.08                      -19.609818
                  10.096                       -19.28405
                  10.112                      -18.953094
                  10.128                      -18.618241
                  10.144                      -18.280789
                   10.16                      -17.941966
                  10.176                      -17.602967
                  10.192                      -17.264906
                  10.208                      -16.928804
                  10.224                      -16.595608
                   10.24                      -16.266168
                  10.256                      -15.941237
                  10.272                      -15.621489
                  10.288                      -15.307509
                  10.304                        -14.9998
                   10.32                      -14.698792
                  10.336                      -14.404846
                  10.352                      -14.118264
                  10.368                      -13.839284
                  10.384                      -13.568097
                    10.4                      -13.304853
                  10.416                      -13.049652
                  10.432                      -12.802565
                  10.448                      -12.563633
                  10.464                      -12.332866
                   10.48                       -12.11025
                  10.496                      -11.895755
                  10.512                      -11.689332
                  10.528                      -11.490916
                  10.544                      -11.300427
                   10.56                      -11.117779
                  10.576                      -10.942875
                  10.592                      -10.775606
                  10.608                      -10.615866
                  10.624                      -10.463533
                   10.64                      -10.318491
                  10.656                      -10.180612
                  10.672                      -10.049772
                  10.688                      -9.9258373
                  10.704                      -9.8086778
                   10.72                      -9.6981561
                  10.736                      -9.5941397
                  10.752                      -9.4964881
                  10.768                      -9.4050621
                  10.784                       -9.319721
                    10.8                      -9.2403191
                  10.816                      -9.1667106
                  10.832                      -9.0987485
                  10.848                      -9.0362807
                  10.864                      -8.9791548
                   10.88                      -8.9272094
                  10.896                      -8.8802846
                  10.912                      -8.8382164
                  10.928                      -8.8008387
                  10.944                      -8.7679728
                   10.96                      -8.7394432
                  10.976                      -8.7150675
                  10.992                      -8.6946564
                  11.008                      -8.6780193
                  11.024                      -8.6649579
                   11.04                      -8.6552708
                  11.056                      -8.6487532
                  11.072                      -8.6451944
                  11.088                      -8.6443808
                  11.104                      -8.6460964
                   11.12                      -8.6501235
                  11.136                      -8.6562442
                  11.152                       -8.664237
                  11.168                      -8.6738852
                  11.184                      -8.6849688
                    11.2                      -8.6972783
                  11.216                       -8.710602
                  11.232                      -8.7247392
                  11.248                      -8.7394972
                  11.264                      -8.7546874
                   11.28                      -8.7701333
                  11.296                      -8.7856774
                  11.312                      -8.8011637
                  11.328                      -8.8164604
                  11.344                      -8.8314465
                   11.36                      -8.8460182
                  11.376                      -8.8600843
                  11.392                      -8.8735843
                  11.408                      -8.8864618
                  11.424                      -8.8986876
                   11.44                      -8.9102406
                  11.456                      -8.9211299
                  11.472                      -8.9313705
                  11.488                      -8.9410004
                  11.504                      -8.9500681
                   11.52                      -8.9586401
                  11.536                      -8.9667919
                  11.552                      -8.9746105
                  11.568                      -8.9821974
                  11.584                      -8.9896534
                    11.6                      -8.9970943
                  11.616                      -9.0046353
                  11.632                      -9.0123953
                  11.648                       -9.020496
                  11.664                      -9.0290603
                   11.68                      -9.0382061
                  11.696                      -9.0480494
                  11.712                      -9.0587055
                  11.728                       -9.070277
                  11.744                      -9.0828693
                   11.76                      -9.0965729
                  11.776                      -9.1114766
                  11.792                      -9.1276527
                  11.808                      -9.1451714
                  11.824                      -9.1640893
                   11.84                      -9.1844524
                  11.856                      -9.2062987
                  11.872                      -9.2296548
                  11.888                      -9.2545351
                  11.904                      -9.2809444
                   11.92                      -9.3088806
                  11.936                      -9.3383251
                  11.952                      -9.3692562
                  11.968                       -9.401639
                  11.984                      -9.4354307
                      12                      -9.4705825
                  12.016                      -9.5070348
                  12.032                      -9.5447254
                  12.048                       -9.583584
                  12.064                      -9.6235365
                   12.08                      -9.6645043
                  12.096                      -9.7064078
                  12.112                      -9.7491631
                  12.128                      -9.7926867
                  12.144                      -9.8368971
                   12.16                      -9.8817126
                  12.176                       -9.927052
                  12.192                      -9.9728436
                  12.208                      -10.019013
                  12.224                      -10.065497
                   12.24                      -10.112234
                  12.256                      -10.159174
                  12.272                      -10.206274
                  12.288                      -10.253493
                  12.304                      -10.300808
                   12.32                      -10.348199
                  12.336                      -10.395658
                  12.352                      -10.443186
                  12.368                      -10.490785
                  12.384                      -10.538482
                    12.4                      -10.586297
                  12.416                       -10.63427
                  12.432                      -10.682437
                  12.448                      -10.730843
                  12.464                      -10.779549
                   12.48                       -10.82861
                  12.496                       -10.87808
                  12.512                       -10.92803
                  12.528                      -10.978517
                  12.544                      -11.029609
                   12.56                      -11.081367
                  12.576                      -11.133848
                  12.592                      -11.187117
                  12.608                       -11.24121
                  12.624                      -11.296183
                   12.64                      -11.352067
                  12.656                      -11.408892
                  12.672                      -11.466682
                  12.688                      -11.525439
                  12.704                      -11.585174
                   12.72                      -11.645865
                  12.736                      -11.707492
                  12.752                       -11.77002
                  12.768                      -11.833396
                  12.784                      -11.897566
                    12.8                      -11.962455
                  12.816                      -12.027972
                  12.832                       -12.09403
                  12.848                      -12.160521
                  12.864                      -12.227319
                   12.88                      -12.294301
                  12.896                      -12.361336
                  12.912                      -12.428282
                  12.928                      -12.494985
                  12.944                      -12.561301
                   12.96                      -12.627078
                  12.976                      -12.692159
                  12.992                      -12.756399
                  13.008                      -12.819648
                  13.024                      -12.881771
                   13.04                      -12.942627
                  13.056                      -13.002113
                  13.072                      -13.060092
                  13.088                      -13.116486
                  13.104                      -13.171216
                   13.12                      -13.224197
                  13.136                      -13.275395
                  13.152                      -13.324779
                  13.168                      -13.372324
                  13.184                      -13.418037
                    13.2                      -13.461926
                  13.216                      -13.504043
                  13.232                      -13.544422
                  13.248                      -13.583126
                  13.264                      -13.620226
                   13.28                      -13.655798
                  13.296                      -13.689933
                  13.312                      -13.722724
                  13.328                      -13.754237
                  13.344                      -13.784596
                   13.36                      -13.813863
                  13.376                       -13.84213
                  13.392                       -13.86947
                  13.408                      -13.895939
                  13.424                      -13.921591
                   13.44                      -13.946475
                  13.456                      -13.970607
                  13.472                      -13.993998
                  13.488                       -14.01664
                  13.504                      -14.038523
                   13.52                      -14.059597
                  13.536                       -14.07982
                  13.552                      -14.099122
                  13.568                      -14.117427
                  13.584                      -14.134645
                    13.6                       -14.15068
                  13.616                      -14.165418
                  13.632                      -14.178757
                  13.648                      -14.190579
                  13.664                      -14.200783
                   13.68                      -14.209253
                  13.696                      -14.215901
                  13.712                      -14.220626
                  13.728                      -14.223362
                  13.744                      -14.224044
                   13.76                      -14.222633
                  13.776                      -14.219108
                  13.792                      -14.213473
                  13.808                       -14.20575
                  13.824                      -14.195986
                   13.84                      -14.184257
                  13.856                      -14.170651
                  13.872                        -14.1553
                  13.888                      -14.138336
                  13.904                      -14.119923
                   13.92                       -14.10023
                  13.936                       -14.07946
                  13.952                      -14.057815
                  13.968                      -14.035494
                  13.984                       -14.01273
                      14                       -13.98974
                  14.016                      -13.966738
                  14.032                      -13.943937
                  14.048                      -13.921555
                  14.064                      -13.899775
                   14.08                      -13.878786
                  14.096                      -13.858756
                  14.112                      -13.839831
                  14.128                      -13.822135
                  14.144                      -13.805773
                   14.16                      -13.790827
                  14.176                      -13.777348
                  14.192                      -13.765361
                  14.208                      -13.754863
                  14.224                      -13.745824
                   14.24                      -13.738175
                  14.256                      -13.731823
                  14.272                      -13.726647
                  14.288                      -13.722491
                  14.304                      -13.719165
                   14.32                      -13.716463
                  14.336                      -13.714139
                  14.352                      -13.711929
                  14.368                      -13.709548
                  14.384                      -13.706678
                    14.4                         -13.703
                  14.416                      -13.698172
                  14.432                      -13.691849
                  14.448                       -13.68368
                  14.464                      -13.673317
                   14.48                      -13.660416
                  14.496                      -13.644657
                  14.512                      -13.625728
                  14.528                       -13.60335
                  14.544                       -13.57727
                   14.56                      -13.547275
                  14.576                      -13.513194
                  14.592                      -13.474897
                  14.608                      -13.432305
                  14.624                      -13.385386
                   14.64                      -13.334161
                  14.656                      -13.278697
                  14.672                      -13.219115
                  14.688                      -13.155576
                  14.704                      -13.088287
                   14.72                      -13.017494
                  14.736                      -12.943473
                  14.752                      -12.866531
                  14.768                      -12.786995
                  14.784                      -12.705214
                    14.8                      -12.621542
                  14.816                      -12.536343
                  14.832                      -12.449984
                  14.848                      -12.362823
                  14.864                      -12.275217
                   14.88                      -12.187509
                  14.896                      -12.100031
                  14.912                      -12.013096
                  14.928                      -11.927002
                  14.944                      -11.842027
                   14.96                      -11.758428
                  14.976                      -11.676444
                  14.992                      -11.596291
                  15.008                      -11.518161
                  15.024                      -11.442233
                   15.04                      -11.368662
                  15.056                      -11.297582
                  15.072                      -11.229109
                  15.088                      -11.163344
                  15.104                      -11.100371
                   15.12                      -11.040252
                  15.136                      -10.983042
                  15.152                      -10.928779
                  15.168                      -10.877484
                  15.184                      -10.829175
                    15.2                      -10.783851
                  15.216                      -10.741505
                  15.232                      -10.702116
                  15.248                      -10.665661
                  15.264                      -10.632108
                   15.28                      -10.601411
                  15.296                      -10.573527
                  15.312                      -10.548402
                  15.328                      -10.525975
                  15.344                      -10.506197
                   15.36                      -10.488984
                  15.376                      -10.474273
                  15.392                      -10.462001
                  15.408                      -10.452078
                  15.424                      -10.444439
                   15.44                      -10.438998
                  15.456                      -10.435672
                  15.472                      -10.434384
                  15.488                      -10.435054
                  15.504                      -10.437589
                   15.52                      -10.441911
                  15.536                      -10.447929
                  15.552                       -10.45556
                  15.568                      -10.464718
                  15.584                      -10.475318
                    15.6                      -10.487269
                  15.616                      -10.500493
                  15.632                      -10.514898
                  15.648                      -10.530391
                  15.664                      -10.546899
                   15.68                      -10.564322
                  15.696                      -10.582584
                  15.712                      -10.601589
                  15.728                      -10.621257
                  15.744                      -10.641506
                   15.76                      -10.662235
                  15.776                      -10.683369
                  15.792                      -10.704823
                  15.808                      -10.726503
                  15.824                       -10.74833
                   15.84                      -10.770214
                  15.856                      -10.792073
                  15.872                      -10.813823
                  15.888                      -10.835378
                  15.904                      -10.856658
                   15.92                       -10.87758
                  15.936                      -10.898065
                  15.952                      -10.918029
                  15.968                      -10.937401
                  15.984                      -10.956095
                      16                      -10.974045

