        Frequency / GHz                S1,1/abs,dB
----------------------------------------------------------------------
                     0.1                     -0.21485789
                  0.1149                     -0.21018462
              0.12980001                     -0.20495044
              0.14470001                     -0.19918971
                  0.1596                     -0.19293635
                  0.1745                     -0.18623148
                  0.1894                     -0.17911358
                  0.2043                     -0.17162759
                  0.2192                     -0.16381863
                  0.2341                     -0.15573345
                   0.249                     -0.14742067
              0.26390001                      -0.1389291
              0.27880001                     -0.13030951
              0.29370001                     -0.12161232
              0.30860001                     -0.11288699
              0.32350001                     -0.10418407
              0.33840001                    -0.095554951
              0.35330001                    -0.087046476
                  0.3682                    -0.078706498
                  0.3831                    -0.070583298
                   0.398                    -0.062721395
                  0.4129                    -0.055163284
                  0.4278                    -0.047951386
                  0.4427                    -0.041123964
                  0.4576                    -0.034718555
                  0.4725                     -0.02876981
                  0.4874                    -0.023309987
              0.50230002                    -0.018367554
              0.51719999                    -0.013969988
              0.53210002                    -0.010138918
              0.54699999                   -0.0068958868
              0.56190002                   -0.0042583808
              0.57679999                   -0.0022411924
              0.59170002                   -0.0008530102
              0.60659999                  -0.00010530312
              0.62150002                  -1.2928214e-07
              0.63639998                  -0.00054002512
              0.65130001                   -0.0017231918
              0.66619998                    -0.003546707
              0.68110001                   -0.0059997446
              0.69599998                   -0.0090728857
              0.71090001                     -0.01275442
              0.72579998                    -0.017025184
              0.74070001                    -0.021867235
              0.75559998                    -0.027258147
                  0.7705                    -0.033174267
              0.78539997                    -0.039588453
                  0.8003                    -0.046470126
              0.81519997                    -0.053791171
                  0.8301                    -0.061516239
              0.84500003                     -0.06961115
                  0.8599                    -0.078039399
              0.87480003                    -0.086764859
                  0.8897                     -0.09574665
              0.90460002                     -0.10494684
              0.91949999                     -0.11432417
              0.93440002                     -0.12383737
              0.94929999                      -0.1334466
              0.96420002                     -0.14311004
              0.97909999                      -0.1527873
              0.99400002                     -0.16243794
                  1.0089                     -0.17202262
                  1.0238                     -0.18150274
                  1.0387                     -0.19084196
                  1.0536                     -0.20000321
                  1.0685                     -0.20895322
                  1.0834                     -0.21765892
                  1.0983                     -0.22609199
               1.1131999                     -0.23422408
                  1.1281                     -0.24202873
                   1.143                     -0.24948612
                  1.1579                     -0.25657316
               1.1727999                     -0.26327601
                  1.1877                     -0.26957893
                  1.2026                     -0.27547215
                  1.2175                     -0.28094751
               1.2323999                     -0.28600096
                  1.2473                     -0.29063195
                  1.2622                     -0.29484076
                  1.2771                     -0.29863462
               1.2920001                     -0.30202206
                  1.3069                     -0.30501168
                  1.3218                      -0.3076201
                  1.3367                     -0.30986389
               1.3516001                     -0.31176325
                  1.3665                      -0.3133392
                  1.3814                     -0.31461731
                  1.3963                     -0.31562384
                  1.4112                     -0.31638777
                  1.4261                     -0.31694043
                   1.441                     -0.31731287
                  1.4559                     -0.31753916
                  1.4708                     -0.31765369
                  1.4857                      -0.3176916
                  1.5006                      -0.3176898
               1.5154999                     -0.31768453
                  1.5304                      -0.3177132
                  1.5453                      -0.3178122
                  1.5602                     -0.31801915
               1.5750999                     -0.31837056
                    1.59                     -0.31890139
                  1.6049                     -0.31964831
                  1.6198                     -0.32064436
               1.6346999                     -0.32192392
                  1.6496                     -0.32351972
                  1.6645                       -0.325461
                  1.6794                     -0.32777926
               1.6943001                     -0.33050037
                  1.7092                     -0.33365301
                  1.7241                      -0.3372605
                   1.739                      -0.3413458
               1.7539001                     -0.34593027
                  1.7688                     -0.35103387
                  1.7837                     -0.35667226
                  1.7986                     -0.36286165
                  1.8135                     -0.36961661
                  1.8284                     -0.37694713
                  1.8433                     -0.38486371
                  1.8582                      -0.3933741
                  1.8731                     -0.40248358
                   1.888                      -0.4121979
                  1.9029                     -0.42251831
               1.9177999                       -0.433446
                  1.9327                     -0.44497905
                  1.9476                     -0.45711734
                  1.9625                     -0.46985591
               1.9773999                     -0.48318843
                  1.9923                     -0.49711072
                  2.0072                       -0.511614
                  2.0221                     -0.52668981
               2.0369999                     -0.54233041
               2.0518999                     -0.55852324
               2.0668001                     -0.57525976
               2.0817001                     -0.59252785
               2.0966001                     -0.61031736
                  2.1115                     -0.62861428
                  2.1264                     -0.64740871
                  2.1413                     -0.66668778
               2.1561999                     -0.68644086
               2.1710999                     -0.70665611
               2.1860001                     -0.72732226
               2.2009001                     -0.74843106
                  2.2158                     -0.76997092
                  2.2307                     -0.79193497
                  2.2456                     -0.81431522
                  2.2605                     -0.83710426
               2.2753999                     -0.86029931
               2.2902999                     -0.88389453
               2.3052001                     -0.90788667
               2.3201001                     -0.93227619
                   2.335                     -0.95706368
                  2.3499                     -0.98224981
                  2.3648                        -1.00784
               2.3796999                      -1.0338392
               2.3945999                      -1.0602543
               2.4094999                      -1.0870947
               2.4244001                      -1.1143718
               2.4393001                      -1.1420973
                  2.4542                      -1.1702865
                  2.4691                      -1.1989543
                   2.484                      -1.2281204
               2.4988999                      -1.2578042
               2.5137999                      -1.2880265
               2.5287001                        -1.31881
               2.5436001                      -1.3501805
               2.5585001                       -1.382162
                  2.5734                      -1.4147832
                  2.5883                      -1.4480739
                  2.6032                       -1.482062
               2.6180999                      -1.5167801
               2.6329999                      -1.5522581
               2.6479001                      -1.5885314
               2.6628001                      -1.6256329
                  2.6777                      -1.6635966
                  2.6926                       -1.702458
                  2.7075                      -1.7422529
                  2.7224                      -1.7830173
               2.7372999                      -1.8247859
               2.7521999                      -1.8675967
               2.7671001                      -1.9114854
               2.7820001                      -1.9564876
                  2.7969                      -2.0026399
                  2.8118                       -2.049978
                  2.8267                      -2.0985371
               2.8415999                      -2.1483519
               2.8564999                      -2.1994577
               2.8714001                      -2.2518858
               2.8863001                      -2.3056717
               2.9012001                      -2.3608446
                  2.9161                      -2.4174368
                   2.931                      -2.4754772
                  2.9459                      -2.5349957
               2.9607999                       -2.596019
               2.9756999                      -2.6585748
               2.9906001                      -2.7226849
               3.0055001                      -2.7883755
                  3.0204                      -2.8556686
                  3.0353                      -2.9245826
                  3.0502                      -2.9951385
                  3.0651                      -3.0673535
               3.0799999                      -3.1412411
               3.0948999                      -3.2168185
               3.1098001                      -3.2940973
               3.1247001                      -3.3730844
                  3.1396                      -3.4537919
                  3.1545                      -3.5362252
                  3.1694                      -3.6203885
               3.1842999                      -3.7062851
               3.1991999                      -3.7939167
               3.2140999                      -3.8832794
               3.2290001                      -3.9743719
               3.2439001                      -4.0671884
                  3.2588                      -4.1617216
                  3.2737                      -4.2579606
                  3.2886                       -4.355895
               3.3034999                      -4.4555114
               3.3183999                      -4.5567917
               3.3333001                      -4.6597188
               3.3482001                      -4.7642723
               3.3631001                      -4.8704293
                   3.378                      -4.9781664
                  3.3929                      -5.0874556
                  3.4078                      -5.1982683
               3.4226999                      -5.3105746
               3.4375999                      -5.4243411
               3.4525001                      -5.5395316
               3.4674001                      -5.6561094
                  3.4823                      -5.7740381
                  3.4972                      -5.8932756
                  3.5121                      -6.0137789
                   3.527                      -6.1355063
               3.5418999                      -6.2584099
               3.5567999                      -6.3824434
               3.5717001                      -6.5075601
               3.5866001                      -6.6337087
                  3.6015                      -6.7608395
                  3.6164                      -6.8889022
                  3.6313                      -7.0178431
               3.6461999                      -7.1476104
               3.6610999                      -7.2781483
               3.6760001                      -7.4094071
               3.6909001                      -7.5413313
               3.7058001                      -7.6738689
                  3.7207                      -7.8069641
                  3.7356                      -7.9405671
                  3.7505                       -8.074625
               3.7653999                      -8.2090862
               3.7802999                      -8.3439018
               3.7952001                       -8.479023
               3.8101001                      -8.6144024
                   3.825                      -8.7499953
                  3.8399                      -8.8857574
                  3.8548                      -9.0216472
                  3.8697                      -9.1576262
               3.8845999                      -9.2936556
               3.8994999                      -9.4297019
               3.9144001                      -9.5657296
               3.9293001                      -9.7017122
                  3.9442                      -9.8376201
                  3.9591                      -9.9734266
                   3.974                      -10.109109
               3.9888999                      -10.244649
               4.0037999                      -10.380024
               4.0187001                      -10.515219
               4.0335999                      -10.650218
               4.0485001                      -10.785009
               4.0633998                       -10.91958
                  4.0783                      -11.053918
               4.0932002                      -11.188015
               4.1080999                      -11.321856
               4.1230001                      -11.455436
               4.1378999                      -11.588741
               4.1528001                      -11.721759
               4.1676998                      -11.854476
                  4.1826                      -11.986878
               4.1975002                      -12.118945
                  4.2124                      -12.250654
               4.2273002                      -12.381979
               4.2421999                       -12.51289
               4.2571001                       -12.64335
               4.2719998                      -12.773315
                  4.2869                      -12.902737
               4.3017998                      -13.031557
                  4.3167                      -13.159708
               4.3316002                      -13.287116
               4.3464999                      -13.413694
               4.3614001                      -13.539344
               4.3762999                      -13.663957
               4.3912001                      -13.787412
               4.4060998                      -13.909574
                   4.421                      -14.030291
               4.4359002                      -14.149398
               4.4507999                      -14.266715
               4.4657001                      -14.382045
               4.4805999                      -14.495177
               4.4955001                       -14.60588
               4.5103998                      -14.713909
                  4.5253                         -14.819
               4.5402002                      -14.920876
                  4.5551                      -15.019244
               4.5700002                      -15.113797
               4.5848999                      -15.204218
               4.5998001                      -15.290176
               4.6146998                      -15.371333
                  4.6296                      -15.447348
               4.6444998                      -15.517876
                  4.6594                      -15.582574
               4.6743002                      -15.641104
               4.6891999                       -15.69314
               4.7041001                      -15.738367
               4.7189999                       -15.77649
               4.7339001                       -15.80724
               4.7487998                      -15.830371
                  4.7637                      -15.845677
               4.7786002                      -15.852981
               4.7934999                      -15.852151
               4.8084002                      -15.843097
               4.8232999                      -15.825771
               4.8382001                      -15.800178
               4.8530998                      -15.766363
                   4.868                      -15.724425
               4.8829002                        -15.6745
                  4.8978                      -15.616775
               4.9127002                      -15.551476
               4.9275999                      -15.478864
               4.9425001                      -15.399235
               4.9573998                      -15.312913
               4.9723001                       -15.22025
               4.9871998                      -15.121614
                  5.0021                      -15.017389
               5.0170002                      -14.907972
               5.0318999                      -14.793764
               5.0468001                      -14.675172
               5.0616999                      -14.552599
               5.0766001                      -14.426444
               5.0914998                      -14.297099
                  5.1064                      -14.164949
               5.1213002                      -14.030362
                  5.1362                      -13.893701
               5.1511002                      -13.755308
               5.1659999                      -13.615514
               5.1809001                      -13.474628
               5.1957998                      -13.332952
                  5.2107                      -13.190765
               5.2255998                      -13.048331
                  5.2405                      -12.905902
               5.2554002                       -12.76371
               5.2702999                      -12.621973
               5.2852001                      -12.480896
               5.3000998                       -12.34067
               5.3150001                       -12.20147
               5.3298998                      -12.063463
                  5.3448                      -11.926799
               5.3597002                      -11.791622
               5.3745999                       -11.65806
               5.3895001                      -11.526237
               5.4043999                      -11.396261
               5.4193001                      -11.268238
               5.4341998                      -11.142261
                  5.4491                      -11.018417
               5.4640002                      -10.896788
                  5.4789                      -10.777446
               5.4938002                      -10.660459
               5.5086999                      -10.545888
               5.5236001                      -10.433792
               5.5384998                       -10.32422
                  5.5534                      -10.217219
               5.5682998                      -10.112835
                  5.5832                      -10.011103
               5.5981002                      -9.9120607
               5.6129999                      -9.8157388
               5.6279001                      -9.7221643
               5.6427999                      -9.6313655
               5.6577001                      -9.5433635
               5.6725998                      -9.4581798
                  5.6875                      -9.3758302
               5.7024002                      -9.2963321
               5.7172999                      -9.2196978
               5.7322001                      -9.1459373
               5.7470999                      -9.0750635
               5.7620001                      -9.0070802
               5.7768998                       -8.941996
                  5.7918                       -8.879812
               5.8067002                      -8.8205336
                  5.8216                      -8.7641602
               5.8365002                      -8.7106939
               5.8513999                      -8.6601302
               5.8663001                      -8.6124669
               5.8811998                      -8.5677009
                  5.8961                      -8.5258249
               5.9109998                      -8.4868348
                  5.9259                      -8.4507196
               5.9408002                      -8.4174722
               5.9556999                      -8.3870823
               5.9706001                      -8.3595373
               5.9854999                      -8.3348255
               6.0004001                      -8.3129341
               6.0152998                      -8.2938463
                  6.0302                      -8.2775479
               6.0451002                      -8.2640208
               6.0599999                      -8.2532475
               6.0749002                      -8.2452092
               6.0897999                      -8.2398837
               6.1047001                      -8.2372508
               6.1195998                      -8.2372884
                  6.1345                      -8.2399705
               6.1494002                      -8.2452728
                  6.1643                       -8.253168
               6.1792002                      -8.2636297
               6.1940999                      -8.2766273
               6.2090001                      -8.2921311
               6.2238998                      -8.3101098
                  6.2388                      -8.3305294
               6.2536998                      -8.3533546
                  6.2686                      -8.3785512
               6.2835002                      -8.4060807
               6.2983999                       -8.435905
               6.3133001                      -8.4679831
               6.3281999                       -8.502273
               6.3431001                      -8.5387307
               6.3579998                      -8.5773131
                  6.3729                      -8.6179712
               6.3878002                      -8.6606594
               6.4026999                      -8.7053264
               6.4176002                      -8.7519209
               6.4324999                      -8.8003919
               6.4474001                      -8.8506832
               6.4622998                      -8.9027407
                  6.4772                      -8.9565067
               6.4920998                      -9.0119223
                   6.507                      -9.0689272
               6.5219002                      -9.1274607
               6.5367999                      -9.1874595
               6.5517001                      -9.2488613
               6.5665998                      -9.3115999
               6.5815001                      -9.3756105
               6.5963998                      -9.4408255
                  6.6113                      -9.5071777
               6.6262002                      -9.5745984
               6.6410999                      -9.6430206
               6.6560001                      -9.7123735
               6.6708999                      -9.7825902
               6.6858001                      -9.8536001
               6.7006998                      -9.9253327
                  6.7156                      -9.9977229
               6.7305002                      -10.070703
                  6.7454                      -10.144201
               6.7603002                      -10.218155
               6.7751999                        -10.2925
               6.7901001                      -10.367173
               6.8049998                      -10.442109
                  6.8199                      -10.517252
               6.8347998                      -10.592542
                  6.8497                      -10.667926
               6.8646002                       -10.74335
               6.8794999                      -10.818764
               6.8944001                      -10.894123
               6.9092999                      -10.969381
               6.9242001                      -11.044498
               6.9390998                      -11.119438
                   6.954                      -11.194167
               6.9689002                      -11.268657
               6.9837999                       -11.34288
               6.9987001                      -11.416815
               7.0135999                      -11.490445
               7.0285001                      -11.563752
               7.0433998                      -11.636731
                  7.0583                       -11.70937
               7.0732002                      -11.781672
                  7.0881                      -11.853632
               7.1030002                      -11.925259
               7.1178999                      -11.996558
               7.1328001                      -12.067543
               7.1476998                      -12.138226
                  7.1626                      -12.208624
               7.1774998                      -12.278758
                  7.1924                      -12.348651
               7.2073002                      -12.418326
               7.2221999                       -12.48781
               7.2371001                      -12.557131
               7.2519999                       -12.62632
               7.2669001                      -12.695405
               7.2817998                      -12.764421
                  7.2967                      -12.833396
               7.3116002                      -12.902369
               7.3264999                      -12.971368
               7.3414001                      -13.040426
               7.3562999                      -13.109578
               7.3712001                      -13.178854
               7.3860998                      -13.248284
                   7.401                      -13.317901
               7.4159002                       -13.38773
                  7.4308                        -13.4578
               7.4457002                      -13.528135
               7.4605999                      -13.598761
               7.4755001                      -13.669696
               7.4903998                      -13.740963
                  7.5053                      -13.812576
               7.5201998                      -13.884552
                  7.5351                      -13.956902
               7.5500002                      -14.029636
               7.5648999                      -14.102762
               7.5798001                      -14.176282
               7.5946999                        -14.2502
               7.6096001                      -14.324513
               7.6244998                      -14.399218
                  7.6394                      -14.474307
               7.6543002                      -14.549771
               7.6691999                      -14.625598
               7.6841002                      -14.701771
               7.6989999                      -14.778273
               7.7139001                      -14.855083
               7.7287998                      -14.932178
                  7.7437                      -15.009529
               7.7586002                      -15.087111
                  7.7735                      -15.164892
               7.7884002                      -15.242838
               7.8032999                      -15.320915
               7.8182001                      -15.399085
               7.8330998                       -15.47731
                   7.848                      -15.555548
               7.8628998                      -15.633756
                  7.8778                      -15.711893
               7.8927002                      -15.789913
               7.9075999                      -15.867769
               7.9225001                      -15.945418
               7.9373999                      -16.022811
               7.9523001                      -16.099902
               7.9671998                      -16.176645
                  7.9821                      -16.252992
               7.9970002                      -16.328897
               8.0118999                      -16.404317
               8.0268002                      -16.479206
               8.0417004                      -16.553523
               8.0565996                      -16.627225
               8.0714998                      -16.700275
                  8.0864                      -16.772637
               8.1013002                      -16.844274
               8.1162004                      -16.915155
               8.1310997                      -16.985252
               8.1459999                      -17.054538
               8.1609001                      -17.122993
               8.1758003                      -17.190597
               8.1906996                      -17.257334
               8.2055998                      -17.323195
                  8.2205                       -17.38817
               8.2354002                      -17.452258
               8.2503004                       -17.51546
               8.2651997                      -17.577783
               8.2800999                      -17.639234
               8.2950001                       -17.69983
               8.3099003                      -17.759588
               8.3247995                       -17.81853
               8.3396997                      -17.876686
                  8.3546                      -17.934087
               8.3695002                      -17.990767
               8.3844004                      -18.046763
               8.3992996                      -18.102124
               8.4141998                      -18.156894
                  8.4291                      -18.211122
               8.4440002                      -18.264864
               8.4589005                      -18.318174
               8.4737997                      -18.371113
               8.4886999                      -18.423741
               8.5036001                      -18.476124
               8.5185003                      -18.528326
               8.5333996                      -18.580416
               8.5482998                      -18.632464
                  8.5632                      -18.684539
               8.5781002                      -18.736712
               8.5930004                      -18.789057
               8.6078997                      -18.841645
               8.6227999                      -18.894549
               8.6377001                      -18.947841
               8.6526003                      -19.001594
               8.6674995                      -19.055878
               8.6823997                      -19.110764
                  8.6973                      -19.166323
               8.7122002                      -19.222622
               8.7271004                      -19.279726
               8.7419996                        -19.3377
               8.7568998                      -19.396609
                  8.7718                       -19.45651
               8.7867002                      -19.517462
               8.8016005                       -19.57952
               8.8164997                      -19.642735
               8.8313999                      -19.707157
               8.8463001                      -19.772832
               8.8612003                        -19.8398
               8.8760996                      -19.908101
               8.8909998                      -19.977768
                  8.9059                      -20.048831
               8.9208002                      -20.121315
               8.9357004                      -20.195241
               8.9505997                      -20.270625
               8.9654999                      -20.347478
               8.9804001                      -20.425805
               8.9953003                      -20.505606
               9.0101995                      -20.586871
               9.0250998                      -20.669593
                    9.04                      -20.753749
               9.0549002                      -20.839313
               9.0698004                      -20.926255
               9.0846996                      -21.014533
               9.0995998                      -21.104098
                  9.1145                      -21.194896
               9.1294003                      -21.286862
               9.1443005                      -21.379921
               9.1591997                      -21.473995
               9.1740999                      -21.568991
               9.1890001                       -21.66481
               9.2039003                      -21.761339
               9.2187996                      -21.858462
               9.2336998                      -21.956046
                  9.2486                      -22.053951
               9.2635002                      -22.152027
               9.2784004                      -22.250111
               9.2932997                      -22.348032
               9.3081999                      -22.445607
               9.3231001                      -22.542644
               9.3380003                       -22.63894
               9.3528996                      -22.734279
               9.3677998                      -22.828444
                  9.3827                        -22.9212
               9.3976002                      -23.012309
               9.4125004                      -23.101527
               9.4273996                      -23.188598
               9.4422998                      -23.273269
               9.4572001                      -23.355274
               9.4721003                      -23.434353
               9.4870005                       -23.51024
               9.5018997                      -23.582672
               9.5167999                      -23.651385
               9.5317001                      -23.716124
               9.5466003                      -23.776638
               9.5614996                      -23.832684
               9.5763998                       -23.88403
                  9.5913                      -23.930457
               9.6062002                      -23.971758
               9.6211004                      -24.007742
               9.6359997                      -24.038237
               9.6508999                      -24.063088
               9.6658001                      -24.082165
               9.6807003                       -24.09535
               9.6955996                      -24.102557
               9.7104998                      -24.103717
                  9.7254                      -24.098785
               9.7403002                       -24.08774
               9.7552004                      -24.070584
               9.7700996                      -24.047341
               9.7849998                      -24.018057
               9.7999001                      -23.982798
               9.8148003                      -23.941653
               9.8297005                      -23.894726
               9.8445997                      -23.842141
               9.8594999                      -23.784038
               9.8744001                      -23.720571
               9.8893003                      -23.651908
               9.9041996                      -23.578227
               9.9190998                      -23.499719
                   9.934                      -23.416585
               9.9489002                      -23.329027
               9.9638004                      -23.237258
               9.9786997                      -23.141497
               9.9935999                      -23.041965
                 10.0085                      -22.938885
                 10.0234                      -22.832484
                 10.0383                      -22.722986
                 10.0532                      -22.610617
                 10.0681                      -22.495603
                  10.083                      -22.378168
                 10.0979                      -22.258532
                 10.1128                      -22.136912
                 10.1277                      -22.013524
                 10.1426                      -21.888579
                 10.1575                      -21.762282
                 10.1724                      -21.634835
                 10.1873                      -21.506435
                 10.2022                      -21.377273
                 10.2171                      -21.247535
                  10.232                        -21.1174
                 10.2469                      -20.987043
                 10.2618                      -20.856631
                 10.2767                      -20.726327
                 10.2916                      -20.596285
                 10.3065                      -20.466654
                 10.3214                      -20.337577
                 10.3363                      -20.209191
                 10.3512                      -20.081623
                 10.3661                         -19.955
                  10.381                      -19.829438
                 10.3959                      -19.705047
                 10.4108                      -19.581932
                 10.4257                      -19.460191
                 10.4406                      -19.339918
                 10.4555                      -19.221197
                 10.4704                      -19.104112
                 10.4853                      -18.988734
                 10.5002                      -18.875136
                 10.5151                      -18.763379
                   10.53                      -18.653524
                 10.5449                      -18.545622
                 10.5598                      -18.439723
                 10.5747                      -18.335868
                 10.5896                      -18.234098
                 10.6045                      -18.134445
                 10.6194                      -18.036939
                 10.6343                      -17.941601
                 10.6492                      -17.848455
                 10.6641                      -17.757515
                  10.679                      -17.668796
                 10.6939                      -17.582302
                 10.7088                      -17.498038
                 10.7237                      -17.416003
                 10.7386                      -17.336196
                 10.7535                      -17.258609
                 10.7684                       -17.18323
                 10.7833                      -17.110045
                 10.7982                      -17.039038
                 10.8131                      -16.970189
                  10.828                      -16.903474
                 10.8429                      -16.838867
                 10.8578                      -16.776338
                 10.8727                      -16.715854
                 10.8876                      -16.657383
                 10.9025                      -16.600888
                 10.9174                      -16.546327
                 10.9323                      -16.493661
                 10.9472                      -16.442845
                 10.9621                      -16.393834
                  10.977                      -16.346582
                 10.9919                      -16.301036
                 11.0068                      -16.257147
                 11.0217                      -16.214863
                 11.0366                      -16.174131
                 11.0515                      -16.134895
                 11.0664                      -16.097102
                 11.0813                      -16.060694
                 11.0962                      -16.025614
                 11.1111                      -15.991806
                  11.126                      -15.959214
                 11.1409                      -15.927779
                 11.1558                      -15.897446
                 11.1707                      -15.868158
                 11.1856                      -15.839859
                 11.2005                      -15.812496
                 11.2154                      -15.786015
                 11.2303                      -15.760364
                 11.2452                      -15.735492
                 11.2601                      -15.711351
                  11.275                      -15.687895
                 11.2899                      -15.665078
                 11.3048                       -15.64286
                 11.3197                      -15.621198
                 11.3346                      -15.600059
                 11.3495                      -15.579407
                 11.3644                      -15.559209
                 11.3793                      -15.539439
                 11.3942                      -15.520073
                 11.4091                      -15.501084
                  11.424                       -15.48246
                 11.4389                       -15.46418
                 11.4538                      -15.446234
                 11.4687                      -15.428612
                 11.4836                       -15.41131
                 11.4985                      -15.394323
                 11.5134                      -15.377652
                 11.5283                        -15.3613
                 11.5432                      -15.345274
                 11.5581                      -15.329581
                  11.573                      -15.314231
                 11.5879                       -15.29924
                 11.6028                       -15.28462
                 11.6177                      -15.270391
                 11.6326                       -15.25657
                 11.6475                      -15.243178
                 11.6624                      -15.230237
                 11.6773                      -15.217767
                 11.6922                      -15.205793
                 11.7071                      -15.194338
                  11.722                      -15.183427
                 11.7369                       -15.17308
                 11.7518                      -15.163324
                 11.7667                      -15.154181
                 11.7816                      -15.145671
                 11.7965                      -15.137817
                 11.8114                      -15.130639
                 11.8263                      -15.124156
                 11.8412                      -15.118383
                 11.8561                      -15.113336
                  11.871                       -15.10903
                 11.8859                      -15.105472
                 11.9008                      -15.102675
                 11.9157                      -15.100644
                 11.9306                      -15.099382
                 11.9455                      -15.098891
                 11.9604                       -15.09917
                 11.9753                      -15.100215
                 11.9902                      -15.102018
                 12.0051                      -15.104572
                   12.02                       -15.10786
                 12.0349                      -15.111871
                 12.0498                      -15.116585
                 12.0647                      -15.121979
                 12.0796                      -15.128034
                 12.0945                      -15.134718
                 12.1094                      -15.142006
                 12.1243                      -15.149866
                 12.1392                      -15.158262
                 12.1541                      -15.167161
                  12.169                      -15.176524
                 12.1839                       -15.18631
                 12.1988                       -15.19648
                 12.2137                      -15.206991
                 12.2286                      -15.217799
                 12.2435                      -15.228859
                 12.2584                      -15.240126
                 12.2733                      -15.251555
                 12.2882                      -15.263102
                 12.3031                       -15.27472
                  12.318                      -15.286366
                 12.3329                      -15.297994
                 12.3478                      -15.309567
                 12.3627                      -15.321039
                 12.3776                      -15.332376
                 12.3925                      -15.343539
                 12.4074                      -15.354493
                 12.4223                      -15.365209
                 12.4372                       -15.37566
                 12.4521                      -15.385817
                  12.467                      -15.395662
                 12.4819                      -15.405176
                 12.4968                      -15.414345
                 12.5117                      -15.423161
                 12.5266                      -15.431617
                 12.5415                      -15.439711
                 12.5564                      -15.447448
                 12.5713                      -15.454833
                 12.5862                      -15.461877
                 12.6011                      -15.468598
                  12.616                      -15.475012
                 12.6309                      -15.481145
                 12.6458                      -15.487023
                 12.6607                      -15.492678
                 12.6756                      -15.498142
                 12.6905                      -15.503454
                 12.7054                      -15.508652
                 12.7203                       -15.51378
                 12.7352                      -15.518884
                 12.7501                      -15.524008
                  12.765                      -15.529203
                 12.7799                      -15.534518
                 12.7948                      -15.540003
                 12.8097                       -15.54571
                 12.8246                       -15.55169
                 12.8395                      -15.557994
                 12.8544                      -15.564677
                 12.8693                      -15.571785
                 12.8842                       -15.57937
                 12.8991                       -15.58748
                  12.914                       -15.59616
                 12.9289                      -15.605458
                 12.9438                      -15.615414
                 12.9587                       -15.62607
                 12.9736                      -15.637463
                 12.9885                      -15.649626
                 13.0034                      -15.662596
                 13.0183                      -15.676399
                 13.0332                      -15.691059
                 13.0481                      -15.706601
                  13.063                      -15.723043
                 13.0779                      -15.740398
                 13.0928                      -15.758679
                 13.1077                      -15.777892
                 13.1226                      -15.798042
                 13.1375                      -15.819126
                 13.1524                      -15.841142
                 13.1673                      -15.864081
                 13.1822                       -15.88793
                 13.1971                      -15.912672
                  13.212                      -15.938289
                 13.2269                      -15.964757
                 13.2418                      -15.992047
                 13.2567                       -16.02013
                 13.2716                      -16.048972
                 13.2865                      -16.078534
                 13.3014                      -16.108779
                 13.3163                       -16.13966
                 13.3312                      -16.171134
                 13.3461                      -16.203153
                  13.361                      -16.235667
                 13.3759                      -16.268625
                 13.3908                      -16.301974
                 13.4057                      -16.335659
                 13.4206                      -16.369629
                 13.4355                      -16.403825
                 13.4504                      -16.438194
                 13.4653                      -16.472684
                 13.4802                      -16.507238
                 13.4951                      -16.541805
                   13.51                      -16.576338
                 13.5249                      -16.610786
                 13.5398                      -16.645103
                 13.5547                      -16.679248
                 13.5696                      -16.713181
                 13.5845                      -16.746866
                 13.5994                      -16.780272
                 13.6143                      -16.813371
                 13.6292                      -16.846141
                 13.6441                      -16.878564
                  13.659                      -16.910628
                 13.6739                      -16.942324
                 13.6888                      -16.973651
                 13.7037                      -17.004611
                 13.7186                      -17.035215
                 13.7335                      -17.065477
                 13.7484                      -17.095414
                 13.7633                      -17.125056
                 13.7782                       -17.15443
                 13.7931                      -17.183571
                  13.808                      -17.212522
                 13.8229                      -17.241327
                 13.8378                      -17.270033
                 13.8527                      -17.298696
                 13.8676                       -17.32737
                 13.8825                      -17.356116
                 13.8974                      -17.384997
                 13.9123                      -17.414077
                 13.9272                      -17.443423
                 13.9421                      -17.473104
                  13.957                       -17.50319
                 13.9719                      -17.533749
                 13.9868                      -17.564854
                 14.0017                      -17.596574
                 14.0166                      -17.628979
                 14.0315                      -17.662137
                 14.0464                      -17.696116
                 14.0613                      -17.730981
                 14.0762                      -17.766796
                 14.0911                      -17.803621
                  14.106                      -17.841514
                 14.1209                      -17.880531
                 14.1358                      -17.920721
                 14.1507                      -17.962134
                 14.1656                      -18.004812
                 14.1805                      -18.048793
                 14.1954                      -18.094113
                 14.2103                      -18.140803
                 14.2252                      -18.188886
                 14.2401                       -18.23838
                  14.255                      -18.289302
                 14.2699                      -18.341658
                 14.2848                      -18.395451
                 14.2997                      -18.450678
                 14.3146                      -18.507327
                 14.3295                      -18.565385
                 14.3444                      -18.624828
                 14.3593                      -18.685625
                 14.3742                      -18.747742
                 14.3891                      -18.811135
                  14.404                      -18.875754
                 14.4189                      -18.941544
                 14.4338                      -19.008439
                 14.4487                      -19.076369
                 14.4636                      -19.145255
                 14.4785                      -19.215012
                 14.4934                      -19.285547
                 14.5083                      -19.356761
                 14.5232                      -19.428548
                 14.5381                      -19.500796
                  14.553                      -19.573384
                 14.5679                      -19.646187
                 14.5828                      -19.719073
                 14.5977                      -19.791905
                 14.6126                      -19.864541
                 14.6275                      -19.936833
                 14.6424                      -20.008631
                 14.6573                      -20.079779
                 14.6722                       -20.15012
                 14.6871                      -20.219495
                  14.702                       -20.28774
                 14.7169                      -20.354696
                 14.7318                      -20.420199
                 14.7467                      -20.484091
                 14.7616                       -20.54621
                 14.7765                      -20.606403
                 14.7914                      -20.664517
                 14.8063                      -20.720407
                 14.8212                      -20.773931
                 14.8361                      -20.824954
                  14.851                       -20.87335
                 14.8659                      -20.919001
                 14.8808                      -20.961799
                 14.8957                      -21.001642
                 14.9106                      -21.038442
                 14.9255                      -21.072121
                 14.9404                      -21.102611
                 14.9553                      -21.129857
                 14.9702                      -21.153813
                 14.9851                      -21.174448
                      15                      -21.191739

