        Frequency / GHz                S1,1/abs,dB
----------------------------------------------------------------------
                     0.1                    -0.025480017
                  0.1149                    -0.026254061
              0.12980001                    -0.027136064
              0.14470001                    -0.028125133
                  0.1596                    -0.029222023
                  0.1745                    -0.030427086
                  0.1894                    -0.031738875
                  0.2043                    -0.033158081
                  0.2192                    -0.034684003
                  0.2341                    -0.036316391
                   0.249                    -0.038054231
              0.26390001                    -0.039897484
              0.27880001                    -0.041844925
              0.29370001                    -0.043895618
              0.30860001                    -0.046049119
              0.32350001                    -0.048303832
              0.33840001                    -0.050658178
              0.35330001                    -0.053110234
                  0.3682                    -0.055660495
                  0.3831                    -0.058304622
                   0.398                    -0.061042604
                  0.4129                    -0.063871336
                  0.4278                    -0.066788687
                  0.4427                    -0.069794359
                  0.4576                    -0.072884135
                  0.4725                     -0.07605616
                  0.4874                    -0.079308752
              0.50230002                    -0.082638771
              0.51719999                    -0.086044587
              0.53210002                    -0.089524295
              0.54699999                    -0.093074358
              0.56190002                    -0.096693988
              0.57679999                     -0.10038116
              0.59170002                     -0.10413412
              0.60659999                     -0.10795137
              0.62150002                     -0.11183127
              0.63639998                     -0.11577418
              0.65130001                     -0.11977804
              0.66619998                     -0.12384504
              0.68110001                     -0.12797354
              0.69599998                     -0.13216538
              0.71090001                     -0.13642229
              0.72579998                     -0.14074683
              0.74070001                     -0.14514156
              0.75559998                     -0.14961058
                  0.7705                     -0.15415731
              0.78539997                     -0.15878877
                  0.8003                     -0.16351086
              0.81519997                     -0.16833006
                  0.8301                     -0.17325679
              0.84500003                     -0.17829807
                  0.8599                     -0.18346643
              0.87480003                     -0.18877288
                  0.8897                     -0.19423058
              0.90460002                     -0.19985431
              0.91949999                     -0.20565944
              0.93440002                     -0.21166402
              0.94929999                     -0.21788561
              0.96420002                      -0.2243444
              0.97909999                     -0.23106206
              0.99400002                     -0.23806111
                  1.0089                     -0.24536638
                  1.0238                     -0.25300294
                  1.0387                     -0.26099857
                  1.0536                     -0.26938269
                  1.0685                     -0.27818495
                  1.0834                     -0.28743851
                  1.0983                     -0.29717533
               1.1131999                     -0.30743102
                  1.1281                     -0.31824242
                   1.143                     -0.32964687
                  1.1579                     -0.34168275
               1.1727999                     -0.35439212
                  1.1877                     -0.36781704
                  1.2026                     -0.38199885
                  1.2175                     -0.39698408
               1.2323999                     -0.41281786
                  1.2473                     -0.42954755
                  1.2622                     -0.44722057
                  1.2771                      -0.4658878
               1.2920001                     -0.48559795
                  1.3069                     -0.50640367
                  1.3218                     -0.52835599
                  1.3367                     -0.55150987
               1.3516001                     -0.57591823
                  1.3665                     -0.60163768
                  1.3814                     -0.62872254
                  1.3963                     -0.65722951
                  1.4112                     -0.68721703
                  1.4261                     -0.71874339
                   1.441                     -0.75186566
                  1.4559                     -0.78664488
                  1.4708                     -0.82314026
                  1.4857                     -0.86141329
                  1.5006                      -0.9015243
               1.5154999                     -0.94353525
                  1.5304                     -0.98750759
                  1.5453                      -1.0335064
                  1.5602                      -1.0815919
               1.5750999                      -1.1318301
                    1.59                       -1.184284
                  1.6049                      -1.2390198
                  1.6198                      -1.2961022
               1.6346999                      -1.3555959
                  1.6496                      -1.4175701
                  1.6645                      -1.4820891
                  1.6794                       -1.549222
               1.6943001                      -1.6190364
                  1.7092                      -1.6916026
                  1.7241                      -1.7669882
                   1.739                      -1.8452666
               1.7539001                      -1.9265065
                  1.7688                      -2.0107809
                  1.7837                      -2.0981632
                  1.7986                      -2.1887284
                  1.8135                      -2.2825502
                  1.8284                      -2.3797073
                  1.8433                      -2.4802754
                  1.8582                      -2.5843343
                  1.8731                      -2.6919644
                   1.888                      -2.8032486
                  1.9029                      -2.9182698
               1.9177999                      -3.0371143
                  1.9327                      -3.1598692
                  1.9476                      -3.2866248
                  1.9625                      -3.4174717
               1.9773999                      -3.5525055
                  1.9923                      -3.6918226
                  2.0072                      -3.8355226
                  2.0221                      -3.9837079
               2.0369999                      -4.1364835
               2.0518999                      -4.2939592
               2.0668001                       -4.456247
               2.0817001                      -4.6234647
               2.0966001                      -4.7957315
                  2.1115                      -4.9731719
                  2.1264                      -5.1559166
                  2.1413                      -5.3440989
               2.1561999                      -5.5378595
               2.1710999                      -5.7373447
               2.1860001                      -5.9427044
               2.2009001                      -6.1540979
                  2.2158                        -6.37169
                  2.2307                      -6.5956537
                  2.2456                      -6.8261684
                  2.2605                      -7.0634238
               2.2753999                       -7.307617
               2.2902999                      -7.5589553
               2.3052001                       -7.817657
               2.3201001                      -8.0839477
                   2.335                       -8.358068
                  2.3499                      -8.6402693
                  2.3648                      -8.9308134
               2.3796999                      -9.2299774
               2.3945999                       -9.538051
               2.4094999                      -9.8553372
               2.4244001                      -10.182153
               2.4393001                       -10.51883
                  2.4542                      -10.865712
                  2.4691                      -11.223156
                   2.484                       -11.59153
               2.4988999                      -11.971211
               2.5137999                      -12.362577
               2.5287001                      -12.766011
               2.5436001                      -13.181884
               2.5585001                      -13.610548
                  2.5734                      -14.052325
                  2.5883                       -14.50748
                  2.6032                      -14.976199
               2.6180999                      -15.458547
               2.6329999                      -15.954425
               2.6479001                      -16.463502
               2.6628001                      -16.985124
                  2.6777                       -17.51821
                  2.6926                      -18.061096
                  2.7075                      -18.611371
                  2.7224                      -19.165648
               2.7372999                      -19.719333
               2.7521999                      -20.266372
               2.7671001                      -20.799048
               2.7820001                       -21.30789
                  2.7969                      -21.781821
                  2.8118                      -22.208648
                  2.8267                      -22.576013
               2.8415999                      -22.872749
               2.8564999                       -23.09045
               2.8714001                      -23.224871
               2.8863001                      -23.276675
               2.9012001                        -23.2513
                  2.9161                       -23.15796
                   2.931                      -23.008156
                  2.9459                      -22.814126
               2.9607999                      -22.587596
               2.9756999                      -22.338981
               2.9906001                      -22.076998
               3.0055001                      -21.808613
                  3.0204                      -21.539166
                  3.0353                      -21.272601
                  3.0502                      -21.011711
                  3.0651                      -20.758373
               3.0799999                      -20.513753
               3.0948999                      -20.278473
               3.1098001                      -20.052747
               3.1247001                       -19.83648
                  3.1396                      -19.629359
                  3.1545                      -19.430902
                  3.1694                      -19.240521
               3.1842999                      -19.057541
               3.1991999                      -18.881241
               3.2140999                      -18.710871
               3.2290001                       -18.54567
               3.2439001                       -18.38488
                  3.2588                      -18.227757
                  3.2737                      -18.073584
                  3.2886                      -17.921675
               3.3034999                      -17.771388
               3.3183999                      -17.622127
               3.3333001                      -17.473349
               3.3482001                      -17.324572
               3.3631001                      -17.175373
                   3.378                      -17.025393
                  3.3929                       -16.87434
                  3.4078                      -16.721991
               3.4226999                      -16.568182
               3.4375999                      -16.412821
               3.4525001                      -16.255871
               3.4674001                      -16.097355
                  3.4823                      -15.937349
                  3.4972                      -15.775976
                  3.5121                      -15.613402
                   3.527                      -15.449827
               3.5418999                      -15.285487
               3.5567999                      -15.120633
               3.5717001                      -14.955546
               3.5866001                      -14.790511
                  3.6015                      -14.625827
                  3.6164                      -14.461794
                  3.6313                      -14.298711
               3.6461999                      -14.136875
               3.6610999                      -13.976576
               3.6760001                      -13.818095
               3.6909001                      -13.661701
               3.7058001                       -13.50765
                  3.7207                      -13.356186
                  3.7356                      -13.207538
                  3.7505                      -13.061918
               3.7653999                      -12.919527
               3.7802999                      -12.780546
               3.7952001                      -12.645147
               3.8101001                      -12.513484
                   3.825                      -12.385698
                  3.8399                      -12.261919
                  3.8548                      -12.142261
                  3.8697                      -12.026828
               3.8845999                      -11.915716
               3.8994999                      -11.809005
               3.9144001                      -11.706771
               3.9293001                      -11.609076
                  3.9442                       -11.51598
                  3.9591                      -11.427532
                   3.974                      -11.343772
               3.9888999                      -11.264737
               4.0037999                      -11.190458
               4.0187001                      -11.120962
               4.0335999                      -11.056269
               4.0485001                      -10.996393
               4.0633998                      -10.941352
                  4.0783                      -10.891152
               4.0932002                        -10.8458
               4.1080999                      -10.805299
               4.1230001                      -10.769652
               4.1378999                      -10.738857
               4.1528001                      -10.712912
               4.1676998                      -10.691811
                  4.1826                      -10.675549
               4.1975002                      -10.664118
                  4.2124                      -10.657509
               4.2273002                      -10.655715
               4.2421999                      -10.658721
               4.2571001                      -10.666517
               4.2719998                      -10.679091
                  4.2869                       -10.69643
               4.3017998                      -10.718517
                  4.3167                      -10.745339
               4.3316002                      -10.776881
               4.3464999                      -10.813126
               4.3614001                      -10.854057
               4.3762999                      -10.899657
               4.3912001                      -10.949908
               4.4060998                      -11.004788
                   4.421                      -11.064279
               4.4359002                       -11.12836
               4.4507999                      -11.197007
               4.4657001                      -11.270199
               4.4805999                      -11.347907
               4.4955001                       -11.43011
               4.5103998                      -11.516778
                  4.5253                       -11.60788
               4.5402002                      -11.703386
                  4.5551                      -11.803264
               4.5700002                      -11.907475
               4.5848999                      -12.015983
               4.5998001                      -12.128744
               4.6146998                      -12.245715
                  4.6296                      -12.366848
               4.6444998                      -12.492092
                  4.6594                       -12.62139
               4.6743002                      -12.754681
               4.6891999                        -12.8919
               4.7041001                      -13.032977
               4.7189999                      -13.177834
               4.7339001                      -13.326388
               4.7487998                       -13.47855
                  4.7637                      -13.634221
               4.7786002                      -13.793298
               4.7934999                      -13.955664
               4.8084002                      -14.121196
               4.8232999                      -14.289761
               4.8382001                      -14.461216
               4.8530998                        -14.6354
                   4.868                      -14.812148
               4.8829002                      -14.991277
                  4.8978                      -15.172592
               4.9127002                       -15.35588
               4.9275999                      -15.540917
               4.9425001                      -15.727459
               4.9573998                      -15.915246
               4.9723001                      -16.103997
               4.9871998                      -16.293419
                  5.0021                      -16.483193
               5.0170002                      -16.672981
               5.0318999                      -16.862429
               5.0468001                      -17.051158
               5.0616999                      -17.238767
               5.0766001                      -17.424842
               5.0914998                      -17.608941
                  5.1064                      -17.790604
               5.1213002                      -17.969354
                  5.1362                        -18.1447
               5.1511002                      -18.316128
               5.1659999                      -18.483115
               5.1809001                      -18.645127
               5.1957998                      -18.801622
                  5.2107                      -18.952053
               5.2255998                      -19.095873
                  5.2405                      -19.232537
               5.2554002                       -19.36151
               5.2702999                       -19.48227
               5.2852001                      -19.594312
               5.3000998                      -19.697157
               5.3150001                      -19.790353
               5.3298998                      -19.873485
                  5.3448                      -19.946174
               5.3597002                      -20.008088
               5.3745999                      -20.058945
               5.3895001                       -20.09851
               5.4043999                      -20.126609
               5.4193001                      -20.143123
               5.4341998                      -20.147994
                  5.4491                      -20.141222
               5.4640002                      -20.122868
                  5.4789                       -20.09305
               5.4938002                      -20.051943
               5.5086999                      -19.999777
               5.5236001                      -19.936827
               5.5384998                      -19.863419
                  5.5534                      -19.779914
               5.5682998                      -19.686717
                  5.5832                      -19.584254
               5.5981002                      -19.472986
               5.6129999                      -19.353386
               5.6279001                      -19.225948
               5.6427999                      -19.091172
               5.6577001                      -18.949566
               5.6725998                      -18.801637
                  5.6875                      -18.647891
               5.7024002                      -18.488827
               5.7172999                      -18.324934
               5.7322001                      -18.156689
               5.7470999                      -17.984556
               5.7620001                      -17.808981
               5.7768998                      -17.630394
                  5.7918                      -17.449205
               5.8067002                      -17.265805
                  5.8216                      -17.080565
               5.8365002                      -16.893838
               5.8513999                      -16.705953
               5.8663001                      -16.517221
               5.8811998                      -16.327935
                  5.8961                      -16.138363
               5.9109998                      -15.948761
                  5.9259                      -15.759364
               5.9408002                      -15.570389
               5.9556999                      -15.382038
               5.9706001                      -15.194497
               5.9854999                      -15.007936
               6.0004001                      -14.822511
               6.0152998                      -14.638367
                  6.0302                      -14.455634
               6.0451002                       -14.27443
               6.0599999                      -14.094864
               6.0749002                      -13.917034
               6.0897999                      -13.741028
               6.1047001                      -13.566925
               6.1195998                      -13.394796
                  6.1345                      -13.224706
               6.1494002                      -13.056709
                  6.1643                      -12.890858
               6.1792002                      -12.727195
               6.1940999                      -12.565759
               6.2090001                      -12.406584
               6.2238998                      -12.249697
                  6.2388                      -12.095125
               6.2536998                      -11.942886
                  6.2686                      -11.792998
               6.2835002                      -11.645474
               6.2983999                      -11.500327
               6.3133001                      -11.357563
               6.3281999                      -11.217187
               6.3431001                      -11.079204
               6.3579998                      -10.943615
                  6.3729                      -10.810419
               6.3878002                      -10.679612
               6.4026999                      -10.551194
               6.4176002                      -10.425155
               6.4324999                      -10.301493
               6.4474001                      -10.180198
               6.4622998                      -10.061262
                  6.4772                      -9.9446767
               6.4920998                      -9.8304296
                   6.507                      -9.7185118
               6.5219002                       -9.608911
               6.5367999                      -9.5016143
               6.5517001                        -9.39661
               6.5665998                      -9.2938845
               6.5815001                      -9.1934248
               6.5963998                      -9.0952157
                  6.6113                      -8.9992443
               6.6262002                      -8.9054956
               6.6410999                      -8.8139548
               6.6560001                      -8.7246063
               6.6708999                      -8.6374354
               6.6858001                      -8.5524275
               6.7006998                      -8.4695655
                  6.7156                      -8.3888341
               6.7305002                      -8.3102184
                  6.7454                      -8.2337024
               6.7603002                      -8.1592695
               6.7751999                      -8.0869039
               6.7901001                      -8.0165907
               6.8049998                      -7.9483116
                  6.8199                      -7.8820526
               6.8347998                      -7.8177964
                  6.8497                      -7.7555276
               6.8646002                      -7.6952294
               6.8794999                      -7.6368866
               6.8944001                      -7.5804827
               6.9092999                      -7.5260029
               6.9242001                        -7.47343
               6.9390998                      -7.4227488
                   6.954                      -7.3739449
               6.9689002                      -7.3270009
               6.9837999                      -7.2819031
               6.9987001                      -7.2386359
               7.0135999                      -7.1971841
               7.0285001                      -7.1575339
               7.0433998                      -7.1196697
                  7.0583                      -7.0835792
               7.0732002                      -7.0492466
                  7.0881                      -7.0166594
               7.1030002                      -6.9858051
               7.1178999                      -6.9566699
               7.1328001                      -6.9292405
               7.1476998                      -6.9035071
                  7.1626                      -6.8794567
               7.1774998                      -6.8570778
                  7.1924                      -6.8363614
               7.2073002                      -6.8172968
               7.2221999                      -6.7998733
               7.2371001                      -6.7840843
               7.2519999                      -6.7699194
               7.2669001                      -6.7573724
               7.2817998                      -6.7464362
                  7.2967                      -6.7371046
               7.3116002                      -6.7293707
               7.3264999                      -6.7232322
               7.3414001                      -6.7186837
               7.3562999                      -6.7157215
               7.3712001                      -6.7143443
               7.3860998                      -6.7145498
                   7.401                      -6.7163384
               7.4159002                      -6.7197093
                  7.4308                      -6.7246647
               7.4457002                      -6.7312066
               7.4605999                       -6.739337
               7.4755001                      -6.7490606
               7.4903998                      -6.7603819
                  7.5053                      -6.7733061
               7.5201998                      -6.7878406
                  7.5351                      -6.8039939
               7.5500002                       -6.821773
               7.5648999                      -6.8411875
               7.5798001                      -6.8622494
               7.5946999                      -6.8849682
               7.6096001                      -6.9093573
               7.6244998                      -6.9354274
                  7.6394                      -6.9631951
               7.6543002                      -6.9926728
               7.6691999                      -7.0238769
               7.6841002                      -7.0568227
               7.6989999                      -7.0915278
               7.7139001                      -7.1280081
               7.7287998                      -7.1662814
                  7.7437                      -7.2063667
               7.7586002                      -7.2482826
                  7.7735                      -7.2920479
               7.7884002                      -7.3376821
               7.8032999                      -7.3852041
               7.8182001                      -7.4346332
               7.8330998                      -7.4859908
                   7.848                      -7.5392943
               7.8628998                      -7.5945643
                  7.8778                      -7.6518199
               7.8927002                      -7.7110788
               7.9075999                      -7.7723588
               7.9225001                      -7.8356779
               7.9373999                      -7.9010517
               7.9523001                      -7.9684962
               7.9671998                      -8.0380249
                  7.9821                      -8.1096507
               7.9970002                      -8.1833846
               8.0118999                      -8.2592355
               8.0268002                      -8.3372103
               8.0417004                      -8.4173134
               8.0565996                      -8.4995484
               8.0714998                      -8.5839117
                  8.0864                      -8.6704014
               8.1013002                      -8.7590084
               8.1162004                      -8.8497218
               8.1310997                      -8.9425252
               8.1459999                      -9.0373965
               8.1609001                       -9.134311
               8.1758003                      -9.2332378
               8.1906996                      -9.3341359
               8.2055998                      -9.4369628
                  8.2205                      -9.5416666
               8.2354002                      -9.6481855
               8.2503004                      -9.7564518
               8.2651997                      -9.8663875
               8.2800999                      -9.9779065
               8.2950001                      -10.090908
               8.3099003                      -10.205285
               8.3247995                      -10.320915
               8.3396997                      -10.437662
                  8.3546                      -10.555381
               8.3695002                      -10.673908
               8.3844004                      -10.793069
               8.3992996                      -10.912671
               8.4141998                      -11.032506
                  8.4291                       -11.15235
               8.4440002                      -11.271965
               8.4589005                      -11.391093
               8.4737997                      -11.509462
               8.4886999                      -11.626782
               8.5036001                      -11.742751
               8.5185003                       -11.85705
               8.5333996                      -11.969347
               8.5482998                        -12.0793
                  8.5632                      -12.186557
               8.5781002                       -12.29076
               8.5930004                      -12.391547
               8.6078997                      -12.488551
               8.6227999                      -12.581416
               8.6377001                      -12.669786
               8.6526003                       -12.75332
               8.6674995                      -12.831692
               8.6823997                      -12.904593
                  8.6973                      -12.971743
               8.7122002                       -13.03289
               8.7271004                      -13.087809
               8.7419996                      -13.136322
               8.7568998                      -13.178282
                  8.7718                      -13.213586
               8.7867002                      -13.242178
               8.8016005                      -13.264042
               8.8164997                      -13.279208
               8.8313999                      -13.287752
               8.8463001                      -13.289789
               8.8612003                      -13.285474
               8.8760996                      -13.274998
               8.8909998                      -13.258589
                  8.9059                        -13.2365
               8.9208002                      -13.209006
               8.9357004                       -13.17641
               8.9505997                      -13.139024
               8.9654999                      -13.097174
               8.9804001                      -13.051191
               8.9953003                      -13.001412
               9.0101995                      -12.948168
               9.0250998                      -12.891791
                    9.04                      -12.832604
               9.0549002                      -12.770922
               9.0698004                      -12.707044
               9.0846996                      -12.641262
               9.0995998                      -12.573847
                  9.1145                      -12.505062
               9.1294003                      -12.435147
               9.1443005                       -12.36433
               9.1591997                       -12.29282
               9.1740999                       -12.22081
               9.1890001                      -12.148478
               9.2039003                      -12.075985
               9.2187996                      -12.003477
               9.2336998                      -11.931084
                  9.2486                      -11.858925
               9.2635002                      -11.787103
               9.2784004                       -11.71571
               9.2932997                      -11.644824
               9.3081999                      -11.574516
               9.3231001                      -11.504843
               9.3380003                      -11.435856
               9.3528996                      -11.367592
               9.3677998                      -11.300086
                  9.3827                      -11.233362
               9.3976002                       -11.16744
               9.4125004                      -11.102333
               9.4273996                      -11.038047
               9.4422998                      -10.974586
               9.4572001                      -10.911949
               9.4721003                      -10.850132
               9.4870005                      -10.789126
               9.5018997                       -10.72892
               9.5167999                      -10.669504
               9.5317001                      -10.610861
               9.5466003                      -10.552977
               9.5614996                      -10.495835
               9.5763998                      -10.439419
                  9.5913                      -10.383707
               9.6062002                      -10.328686
               9.6211004                      -10.274335
               9.6359997                      -10.220638
               9.6508999                      -10.167579
               9.6658001                      -10.115139
               9.6807003                      -10.063307
               9.6955996                      -10.012064
               9.7104998                      -9.9614002
                  9.7254                      -9.9113032
               9.7403002                       -9.861761
               9.7552004                      -9.8127665
               9.7700996                      -9.7643112
               9.7849998                       -9.716387
               9.7999001                      -9.6689921
               9.8148003                      -9.6221211
               9.8297005                      -9.5757719
               9.8445997                      -9.5299459
               9.8594999                      -9.4846412
               9.8744001                      -9.4398622
               9.8893003                      -9.3956106
               9.9041996                      -9.3518916
               9.9190998                       -9.308712
                   9.934                      -9.2660767
               9.9489002                      -9.2239956
               9.9638004                      -9.1824768
               9.9786997                      -9.1415286
               9.9935999                      -9.1011633
                 10.0085                      -9.0613913
                 10.0234                      -9.0222234
                 10.0383                      -8.9836741
                 10.0532                      -8.9457543
                 10.0681                      -8.9084772
                  10.083                      -8.8718574
                 10.0979                      -8.8359073
                 10.1128                      -8.8006415
                 10.1277                      -8.7660737
                 10.1426                      -8.7322192
                 10.1575                      -8.6990893
                 10.1724                      -8.6667012
                 10.1873                      -8.6350663
                 10.2022                      -8.6042008
                 10.2171                      -8.5741174
                  10.232                      -8.5448296
                 10.2469                      -8.5163512
                 10.2618                      -8.4886971
                 10.2767                      -8.4618784
                 10.2916                      -8.4359096
                 10.3065                      -8.4108029
                 10.3214                      -8.3865716
                 10.3363                      -8.3632285
                 10.3512                      -8.3407849
                 10.3661                      -8.3192544
                  10.381                      -8.2986486
                 10.3959                        -8.27898
                 10.4108                      -8.2602607
                 10.4257                      -8.2425032
                 10.4406                      -8.2257184
                 10.4555                        -8.20992
                 10.4704                      -8.1951199
                 10.4853                      -8.1813304
                 10.5002                      -8.1685627
                 10.5151                      -8.1568315
                   10.53                      -8.1461477
                 10.5449                      -8.1365255
                 10.5598                      -8.1279776
                 10.5747                      -8.1205177
                 10.5896                      -8.1141604
                 10.6045                      -8.1089182
                 10.6194                      -8.1048068
                 10.6343                      -8.1018399
                 10.6492                      -8.1000344
                 10.6641                      -8.0994053
                  10.679                      -8.0999683
                 10.6939                      -8.1017397
                 10.7088                      -8.1047369
                 10.7237                      -8.1089771
                 10.7386                      -8.1144782
                 10.7535                      -8.1212579
                 10.7684                      -8.1293352
                 10.7833                      -8.1387292
                 10.7982                      -8.1494595
                 10.8131                      -8.1615473
                  10.828                      -8.1750089
                 10.8429                      -8.1898692
                 10.8578                      -8.2061476
                 10.8727                       -8.223865
                 10.8876                      -8.2430445
                 10.9025                      -8.2637066
                 10.9174                      -8.2858735
                 10.9323                       -8.309568
                 10.9472                      -8.3348145
                 10.9621                      -8.3616333
                  10.977                      -8.3900491
                 10.9919                      -8.4200835
                 11.0068                      -8.4517615
                 11.0217                      -8.4851043
                 11.0366                      -8.5201358
                 11.0515                        -8.55688
                 11.0664                      -8.5953582
                 11.0813                      -8.6355933
                 11.0962                      -8.6776084
                 11.1111                      -8.7214261
                  11.126                      -8.7670673
                 11.1409                      -8.8145549
                 11.1558                      -8.8639089
                 11.1707                      -8.9151509
                 11.1856                      -8.9683008
                 11.2005                      -9.0233769
                 11.2154                      -9.0804008
                 11.2303                      -9.1393906
                 11.2452                      -9.2003624
                 11.2601                      -9.2633331
                  11.275                      -9.3283196
                 11.2899                      -9.3953374
                 11.3048                      -9.4644001
                 11.3197                      -9.5355205
                 11.3346                       -9.608711
                 11.3495                       -9.683982
                 11.3644                      -9.7613437
                 11.3793                      -9.8408031
                 11.3942                      -9.9223686
                 11.4091                      -10.006044
                  11.424                      -10.091834
                 11.4389                      -10.179741
                 11.4538                      -10.269763
                 11.4687                        -10.3619
                 11.4836                      -10.456149
                 11.4985                      -10.552501
                 11.5134                      -10.650951
                 11.5283                      -10.751488
                 11.5432                      -10.854097
                 11.5581                      -10.958764
                  11.573                       -11.06547
                 11.5879                      -11.174193
                 11.6028                      -11.284908
                 11.6177                      -11.397587
                 11.6326                      -11.512199
                 11.6475                      -11.628705
                 11.6624                      -11.747067
                 11.6773                       -11.86724
                 11.6922                      -11.989177
                 11.7071                      -12.112821
                  11.722                      -12.238114
                 11.7369                       -12.36499
                 11.7518                       -12.49338
                 11.7667                      -12.623205
                 11.7816                      -12.754379
                 11.7965                      -12.886815
                 11.8114                      -13.020411
                 11.8263                      -13.155062
                 11.8412                      -13.290651
                 11.8561                      -13.427054
                  11.871                      -13.564138
                 11.8859                      -13.701759
                 11.9008                      -13.839761
                 11.9157                      -13.977981
                 11.9306                      -14.116242
                 11.9455                      -14.254355
                 11.9604                      -14.392124
                 11.9753                      -14.529332
                 11.9902                      -14.665757
                 12.0051                      -14.801162
                   12.02                      -14.935295
                 12.0349                      -15.067896
                 12.0498                      -15.198689
                 12.0647                      -15.327391
                 12.0796                      -15.453703
                 12.0945                      -15.577321
                 12.1094                      -15.697929
                 12.1243                      -15.815205
                 12.1392                      -15.928823
                 12.1541                      -16.038453
                  12.169                      -16.143766
                 12.1839                      -16.244431
                 12.1988                      -16.340128
                 12.2137                      -16.430538
                 12.2286                      -16.515361
                 12.2435                      -16.594308
                 12.2584                      -16.667109
                 12.2733                      -16.733518
                 12.2882                      -16.793311
                 12.3031                      -16.846295
                  12.318                      -16.892311
                 12.3329                      -16.931231
                 12.3478                      -16.962963
                 12.3627                      -16.987454
                 12.3776                      -17.004689
                 12.3925                      -17.014691
                 12.4074                      -17.017524
                 12.4223                      -17.013286
                 12.4372                      -17.002113
                 12.4521                      -16.984174
                  12.467                      -16.959669
                 12.4819                      -16.928826
                 12.4968                      -16.891896
                 12.5117                      -16.849156
                 12.5266                      -16.800896
                 12.5415                      -16.747424
                 12.5564                      -16.689055
                 12.5713                      -16.626114
                 12.5862                      -16.558927
                 12.6011                      -16.487825
                  12.616                      -16.413134
                 12.6309                      -16.335177
                 12.6458                      -16.254273
                 12.6607                      -16.170726
                 12.6756                      -16.084838
                 12.6905                      -15.996898
                 12.7054                      -15.907181
                 12.7203                       -15.81595
                 12.7352                      -15.723457
                 12.7501                      -15.629939
                  12.765                      -15.535621
                 12.7799                      -15.440714
                 12.7948                      -15.345412
                 12.8097                      -15.249902
                 12.8246                      -15.154353
                 12.8395                      -15.058925
                 12.8544                      -14.963766
                 12.8693                      -14.869011
                 12.8842                      -14.774782
                 12.8991                      -14.681194
                  12.914                      -14.588351
                 12.9289                       -14.49635
                 12.9438                      -14.405274
                 12.9587                      -14.315201
                 12.9736                      -14.226202
                 12.9885                      -14.138338
                 13.0034                      -14.051663
                 13.0183                      -13.966231
                 13.0332                      -13.882082
                 13.0481                      -13.799254
                  13.063                      -13.717782
                 13.0779                      -13.637692
                 13.0928                       -13.55901
                 13.1077                      -13.481757
                 13.1226                      -13.405948
                 13.1375                      -13.331599
                 13.1524                       -13.25872
                 13.1673                       -13.18732
                 13.1822                      -13.117406
                 13.1971                      -13.048984
                  13.212                      -12.982055
                 13.2269                      -12.916624
                 13.2418                      -12.852689
                 13.2567                      -12.790254
                 13.2716                      -12.729315
                 13.2865                      -12.669876
                 13.3014                      -12.611933
                 13.3163                      -12.555488
                 13.3312                      -12.500539
                 13.3461                      -12.447088
                  13.361                      -12.395136
                 13.3759                      -12.344685
                 13.3908                      -12.295739
                 13.4057                        -12.2483
                 13.4206                      -12.202377
                 13.4355                      -12.157974
                 13.4504                        -12.1151
                 13.4653                      -12.073766
                 13.4802                      -12.033983
                 13.4951                      -11.995763
                   13.51                      -11.959124
                 13.5249                      -11.924079
                 13.5398                       -11.89065
                 13.5547                      -11.858858
                 13.5696                      -11.828722
                 13.5845                      -11.800268
                 13.5994                      -11.773523
                 13.6143                      -11.748513
                 13.6292                      -11.725268
                 13.6441                       -11.70382
                  13.659                      -11.684201
                 13.6739                      -11.666445
                 13.6888                      -11.650588
                 13.7037                      -11.636669
                 13.7186                      -11.624724
                 13.7335                      -11.614793
                 13.7484                      -11.606919
                 13.7633                      -11.601138
                 13.7782                      -11.597497
                 13.7931                      -11.596039
                  13.808                      -11.596803
                 13.8229                      -11.599835
                 13.8378                      -11.605179
                 13.8527                      -11.612878
                 13.8676                      -11.622973
                 13.8825                      -11.635511
                 13.8974                       -11.65053
                 13.9123                      -11.668071
                 13.9272                      -11.688177
                 13.9421                      -11.710882
                  13.957                      -11.736223
                 13.9719                      -11.764238
                 13.9868                      -11.794953
                 14.0017                      -11.828403
                 14.0166                      -11.864609
                 14.0315                      -11.903595
                 14.0464                      -11.945381
                 14.0613                      -11.989977
                 14.0762                      -12.037392
                 14.0911                      -12.087632
                  14.106                      -12.140692
                 14.1209                      -12.196559
                 14.1358                      -12.255218
                 14.1507                      -12.316642
                 14.1656                      -12.380795
                 14.1805                      -12.447629
                 14.1954                      -12.517088
                 14.2103                      -12.589103
                 14.2252                       -12.66359
                 14.2401                      -12.740449
                  14.255                       -12.81957
                 14.2699                      -12.900818
                 14.2848                      -12.984043
                 14.2997                      -13.069078
                 14.3146                      -13.155728
                 14.3295                      -13.243778
                 14.3444                       -13.33299
                 14.3593                      -13.423098
                 14.3742                       -13.51381
                 14.3891                      -13.604805
                  14.404                      -13.695734
                 14.4189                      -13.786218
                 14.4338                       -13.87585
                 14.4487                      -13.964193
                 14.4636                      -14.050782
                 14.4785                      -14.135128
                 14.4934                      -14.216715
                 14.5083                      -14.295012
                 14.5232                      -14.369467
                 14.5381                       -14.43952
                  14.553                      -14.504609
                 14.5679                      -14.564173
                 14.5828                      -14.617663
                 14.5977                      -14.664549
                 14.6126                      -14.704331
                 14.6275                      -14.736551
                 14.6424                      -14.760792
                 14.6573                        -14.7767
                 14.6722                      -14.783982
                 14.6871                      -14.782416
                  14.702                      -14.771855
                 14.7169                      -14.752236
                 14.7318                      -14.723571
                 14.7467                      -14.685953
                 14.7616                      -14.639555
                 14.7765                      -14.584617
                 14.7914                      -14.521449
                 14.8063                       -14.45042
                 14.8212                      -14.371947
                 14.8361                      -14.286489
                  14.851                      -14.194536
                 14.8659                      -14.096602
                 14.8808                      -13.993213
                 14.8957                      -13.884901
                 14.9106                      -13.772198
                 14.9255                      -13.655623
                 14.9404                      -13.535685
                 14.9553                       -13.41287
                 14.9702                      -13.287647
                 14.9851                      -13.160456
                      15                      -13.031708

