        Frequency / GHz                S1,1/abs,dB
----------------------------------------------------------------------
                     0.1                     -0.19279641
                  0.1149                     -0.25962154
              0.12980001                     -0.31351056
              0.14470001                     -0.34974392
                  0.1596                     -0.36535025
                  0.1745                     -0.35951774
                  0.1894                     -0.33371011
                  0.2043                     -0.29145762
                  0.2192                     -0.23786217
                  0.2341                     -0.17894475
                   0.249                     -0.12095096
              0.26390001                     -0.06973175
              0.27880001                    -0.030254142
              0.29370001                   -0.0062496429
              0.30860001                   9.7758091e-08
              0.32350001                    -0.012228729
              0.33840001                    -0.042066083
              0.35330001                    -0.087110075
                  0.3682                     -0.14356796
                  0.3831                     -0.20650163
                   0.398                      -0.2702159
                  0.4129                     -0.32877094
                  0.4278                     -0.37661631
                  0.4427                     -0.40925136
                  0.4576                     -0.42382327
                  0.4725                     -0.41952505
                  0.4874                      -0.3977004
              0.50230002                     -0.36163213
              0.51719999                     -0.31607098
              0.53210002                     -0.26660868
              0.54699999                     -0.21902317
              0.56190002                     -0.17870535
              0.57679999                     -0.15021017
              0.59170002                     -0.13695906
              0.60659999                     -0.14107381
              0.62150002                     -0.16332653
              0.63639998                      -0.2031715
              0.65130001                     -0.25885853
              0.66619998                     -0.32761889
              0.68110001                     -0.40592917
              0.69599998                     -0.48984881
              0.71090001                     -0.57542184
              0.72579998                     -0.65912755
              0.74070001                     -0.73831586
              0.75559998                     -0.81157424
                  0.7705                     -0.87897534
              0.78539997                     -0.94214471
                  0.8003                      -1.0041648
              0.81519997                       -1.069318
                  0.8301                      -1.1427474
              0.84500003                      -1.2300826
                  0.8599                      -1.3370769
              0.87480003                      -1.4692967
                  0.8897                      -1.6318607
              0.90460002                      -1.8292071
              0.91949999                      -2.0648497
              0.93440002                      -2.3410749
              0.94929999                      -2.6585035
              0.96420002                      -3.0154491
              0.97909999                       -3.406971
              0.99400002                      -3.8236148
                  1.0089                      -4.2498774
                  1.0238                      -4.6628282
                  1.0387                      -5.0317713
                  1.0536                       -5.320447
                  1.0685                      -5.4930959
                  1.0834                      -5.5238539
                  1.0983                      -5.4056053
               1.1131999                      -5.1528912
                  1.1281                      -4.7968572
                   1.143                      -4.3756679
                  1.1579                      -3.9257806
               1.1727999                      -3.4770087
                  1.1877                      -3.0511754
                  1.2026                      -2.6628449
                  1.2175                      -2.3207726
               1.2323999                      -2.0293349
                  1.2473                      -1.7896584
                  1.2622                      -1.6003985
                  1.2771                      -1.4582648
               1.2920001                      -1.3583421
                  1.3069                      -1.2943339
                  1.3218                      -1.2587962
                  1.3367                       -1.243446
               1.3516001                      -1.2395975
                  1.3665                      -1.2387699
                  1.3814                       -1.233412
                  1.3963                      -1.2176553
                  1.4112                      -1.1879613
                  1.4261                      -1.1434655
                   1.441                       -1.085956
                  1.4559                      -1.0194597
                  1.4708                     -0.94955145
                  1.4857                     -0.88254182
                  1.5006                     -0.82470168
               1.5154999                     -0.78162655
                  1.5304                     -0.75778961
                  1.5453                     -0.75628101
                  1.5602                      -0.7786882
               1.5750999                     -0.82511436
                    1.59                     -0.89428489
                  1.6049                     -0.98374669
                  1.6198                      -1.0901567
               1.6346999                      -1.2096616
                  1.6496                      -1.3383511
                  1.6645                      -1.4727528
                  1.6794                      -1.6103292
               1.6943001                      -1.7498793
                  1.7092                      -1.8917903
                  1.7241                      -2.0380903
                   1.739                      -2.1922821
               1.7539001                      -2.3590171
                  1.7688                      -2.5436554
                  1.7837                      -2.7518065
                  1.7986                      -2.9888982
                  1.8135                      -3.2598181
                  1.8284                      -3.5686463
                  1.8433                       -3.918461
                  1.8582                      -4.3112381
                  1.8731                       -4.747799
                   1.888                      -5.2278547
                  1.9029                      -5.7501384
               1.9177999                      -6.3126845
                  1.9327                      -6.9132783
                  1.9476                      -7.5501227
                  1.9625                      -8.2227258
               1.9773999                      -8.9329811
                  1.9923                      -9.6863584
                  2.0072                       -10.49312
                  2.0221                      -11.369553
               2.0369999                      -12.339365
               2.0518999                      -13.435647
               2.0668001                      -14.704268
               2.0817001                      -16.210308
               2.0966001                      -18.050624
                  2.1115                      -20.378019
                  2.1264                      -23.436794
                  2.1413                      -27.439424
               2.1561999                      -30.322626
               2.1710999                      -27.580932
               2.1860001                      -24.004497
               2.2009001                      -21.399744
                  2.2158                      -19.546467
                  2.2307                      -18.219074
                  2.2456                      -17.282615
                  2.2605                      -16.656914
               2.2753999                      -16.292854
               2.2902999                      -16.159747
               2.3052001                      -16.238486
               2.3201001                      -16.517605
                   2.335                      -16.990778
                  2.3499                      -17.654955
                  2.3648                      -18.508625
               2.3796999                      -19.549783
               2.3945999                      -20.773425
               2.4094999                      -22.168967
               2.4244001                      -23.719863
               2.4393001                      -25.411361
                  2.4542                      -27.256653
                  2.4691                      -29.350333
                   2.484                      -31.942506
               2.4988999                      -35.385582
               2.5137999                      -37.854085
               2.5287001                      -33.950079
               2.5436001                      -29.123316
               2.5585001                      -25.382289
                  2.5734                      -22.443551
                  2.5883                      -20.060249
                  2.6032                      -18.088241
               2.6180999                      -16.440561
               2.6329999                      -15.061591
               2.6479001                       -13.91413
               2.6628001                      -12.972651
                  2.6777                      -12.219628
                  2.6926                      -11.643468
                  2.7075                      -11.237366
                  2.7224                      -10.998776
               2.7372999                      -10.929348
               2.7521999                      -11.035303
               2.7671001                      -11.328332
               2.7820001                      -11.827184
                  2.7969                      -12.560188
                  2.8118                      -13.568915
                  2.8267                      -14.911929
               2.8415999                      -16.660054
               2.8564999                      -18.831722
               2.8714001                       -21.02341
               2.8863001                       -21.59332
               2.9012001                      -19.658735
                  2.9161                      -17.011319
                   2.931                      -14.661782
                  2.9459                      -12.728287
               2.9607999                      -11.145314
               2.9756999                      -9.8396916
               2.9906001                      -8.7547253
               3.0055001                      -7.8486774
                  3.0204                      -7.0906331
                  3.0353                      -6.4572425
                  3.0502                      -5.9305015
                  3.0651                      -5.4962997
               3.0799999                      -5.1434843
               3.0948999                      -4.8632276
               3.1098001                      -4.6486157
               3.1247001                      -4.4943664
                  3.1396                      -4.3966166
                  3.1545                      -4.3527457
                  3.1694                      -4.3612302
               3.1842999                      -4.4214807
               3.1991999                      -4.5336998
               3.2140999                      -4.6987114
               3.2290001                      -4.9177982
               3.2439001                      -5.1925288
                  3.2588                      -5.5245688
                  3.2737                      -5.9154822
                  3.2886                      -6.3665013
               3.3034999                      -6.8782416
               3.3183999                      -7.4503441
               3.3333001                      -8.0810147
               3.3482001                      -8.7663899
               3.3631001                      -9.4997388
                   3.378                       -10.27043
                  3.3929                      -11.062739
                  3.4078                      -11.854655
               3.4226999                      -12.617093
               3.4375999                      -13.314259
               3.4525001                      -13.906082
               3.4674001                      -14.353347
                  3.4823                      -14.624925
                  3.4972                      -14.704739
                  3.5121                      -14.595343
                   3.527                      -14.316446
               3.5418999                      -13.899441
               3.5567999                      -13.380746
               3.5717001                      -12.796218
               3.5866001                      -12.177612
                  3.6015                      -11.550938
                  3.6164                      -10.936108
                  3.6313                      -10.347326
               3.6461999                      -9.7938004
               3.6610999                      -9.2805083
               3.6760001                      -8.8089272
               3.6909001                      -8.3776677
               3.7058001                      -7.9830423
                  3.7207                      -7.6196157
                  3.7356                      -7.2807787
                  3.7505                      -6.9593945
               3.7653999                      -6.6485119
               3.7802999                      -6.3421032
               3.7952001                      -6.0357301
               3.8101001                      -5.7270274
                   3.825                      -5.4158913
                  3.8399                      -5.1043531
                  3.8548                      -4.7961568
                  3.8697                      -4.4961655
               3.8845999                      -4.2096963
               3.8994999                      -3.9419303
               3.9144001                      -3.6974334
               3.9293001                      -3.4798236
                  3.9442                        -3.29156
                  3.9591                      -3.1338572
                   3.974                       -3.006659
               3.9888999                       -2.908681
               4.0037999                      -2.8374993
               4.0187001                      -2.7896884
               4.0335999                      -2.7610268
               4.0485001                      -2.7467556
               4.0633998                      -2.7419223
                  4.0783                      -2.7417567
               4.0932002                      -2.7420895
               4.1080999                      -2.7397115
               4.1230001                      -2.7326561
               4.1378999                      -2.7203198
               4.1528001                      -2.7034038
               4.1676998                      -2.6837065
                  4.1826                      -2.6637713
               4.1975002                      -2.6464856
                  4.2124                      -2.6346898
               4.2273002                      -2.6308249
               4.2421999                      -2.6366839
               4.2571001                      -2.6532501
               4.2719998                      -2.6806441
                  4.2869                      -2.7181619
               4.3017998                      -2.7643957
                  4.3167                      -2.8174236
               4.3316002                      -2.8750514
               4.3464999                      -2.9350889
               4.3614001                      -2.9956212
               4.3762999                      -3.0552492
               4.3912001                      -3.1132682
               4.4060998                       -3.169757
                   4.421                      -3.2255697
               4.4359002                      -3.2822442
               4.4507999                       -3.341835
               4.4657001                       -3.406726
               4.4805999                      -3.4794289
               4.4955001                      -3.5624169
               4.5103998                      -3.6580006
                  4.5253                      -3.7682524
               4.5402002                      -3.8949818
                  4.5551                      -4.0397492
               4.5700002                      -4.2039094
               4.5848999                      -4.3886567
               4.5998001                      -4.5950769
               4.6146998                      -4.8241527
                  4.6296                      -5.0767422
               4.6444998                      -5.3534925
                  4.6594                      -5.6546554
               4.6743002                       -5.979832
               4.6891999                      -6.3275691
               4.7041001                      -6.6948545
               4.7189999                      -7.0764715
               4.7339001                      -7.4642878
               4.7487998                      -7.8465946
                  4.7637                      -8.2077635
               4.7786002                      -8.5286193
               4.7934999                      -8.7880057
               4.8084002                      -8.9657732
               4.8232999                      -9.0467633
               4.8382001                      -9.0244921
               4.8530998                      -8.9028924
                   4.868                      -8.6951954
               4.8829002                      -8.4205633
                  4.8978                      -8.1000204
               4.9127002                        -7.75315
               4.9275999                      -7.3962004
               4.9425001                      -7.0414692
               4.9573998                       -6.697526
               4.9723001                      -6.3698389
               4.9871998                      -6.0615137
                  5.0021                      -5.7739808
               5.0170002                      -5.5075795
               5.0318999                      -5.2620072
               5.0468001                      -5.0366654
               5.0616999                      -4.8308901
               5.0766001                      -4.6440984
               5.0914998                      -4.4758611
                  5.1064                      -4.3259167
               5.1213002                      -4.1941467
                  5.1362                      -4.0805255
               5.1511002                      -3.9850564
               5.1659999                      -3.9077101
               5.1809001                      -3.8483667
               5.1957998                      -3.8067868
                  5.2107                      -3.7825863
               5.2255998                      -3.7752477
                  5.2405                      -3.7841277
               5.2554002                      -3.8084979
               5.2702999                      -3.8475687
               5.2852001                      -3.9005346
               5.3000998                      -3.9665863
               5.3150001                      -4.0449142
               5.3298998                      -4.1346866
                  5.3448                      -4.2350024
               5.3597002                      -4.3448144
               5.3745999                      -4.4628291
               5.3895001                      -4.5874102
               5.4043999                      -4.7164771
               5.4193001                      -4.8474441
               5.4341998                      -4.9772024
                  5.4491                      -5.1021846
               5.4640002                      -5.2185316
                  5.4789                      -5.3223463
               5.4938002                      -5.4100465
               5.5086999                      -5.4787577
               5.5236001                      -5.5266799
               5.5384998                      -5.5533669
                  5.5534                      -5.5598391
               5.5682998                      -5.5485062
                  5.5832                      -5.5229113
               5.5981002                      -5.4873486
               5.6129999                      -5.4464276
               5.6279001                      -5.4046573
               5.6427999                      -5.3660862
               5.6577001                      -5.3340596
               5.6725998                       -5.311067
                  5.6875                      -5.2986908
               5.7024002                      -5.2976373
               5.7172999                      -5.3078378
               5.7322001                      -5.3286016
               5.7470999                      -5.3587994
               5.7620001                      -5.3970815
               5.7768998                       -5.442104
                  5.7918                      -5.4927171
               5.8067002                      -5.5481602
                  5.8216                      -5.6081661
               5.8365002                      -5.6730256
               5.8513999                      -5.7435725
               5.8663001                      -5.8211045
               5.8811998                      -5.9072652
                  5.8961                      -6.0038865
               5.9109998                      -6.1128286
                  5.9259                      -6.2358319
               5.9408002                      -6.3743898
               5.9556999                      -6.5296533
               5.9706001                      -6.7023723
               5.9854999                      -6.8928714
               6.0004001                       -7.101052
               6.0152998                      -7.3264154
                  6.0302                      -7.5681065
               6.0451002                      -7.8249561
               6.0599999                      -8.0955182
               6.0749002                      -8.3780908
               6.0897999                      -8.6707085
               6.1047001                      -8.9710938
               6.1195998                       -9.276578
                  6.1345                      -9.5839818
               6.1494002                      -9.8894831
                  6.1643                      -10.188501
               6.1792002                      -10.475637
               6.1940999                      -10.744728
               6.2090001                      -10.989062
               6.2238998                      -11.201801
                  6.2388                      -11.376568
               6.2536998                      -11.508143
                  6.2686                      -11.593129
               6.2835002                      -11.630398
               6.2983999                      -11.621196
               6.3133001                      -11.568885
               6.3281999                      -11.478374
               6.3431001                      -11.355397
               6.3579998                      -11.205833
                  6.3729                      -11.035167
               6.3878002                      -10.848162
               6.4026999                      -10.648747
               6.4176002                      -10.440077
               6.4324999                      -10.224682
               6.4474001                      -10.004674
               6.4622998                      -9.7819384
                  6.4772                      -9.5582841
               6.4920998                      -9.3355224
                   6.507                      -9.1154911
               6.5219002                      -8.9000135
               6.5367999                      -8.6908172
               6.5517001                      -8.4894382
               6.5665998                      -8.2971288
               6.5815001                      -8.1147748
               6.5963998                      -7.9428598
                  6.6113                      -7.7814384
               6.6262002                      -7.6301811
               6.6410999                      -7.4884233
               6.6560001                       -7.355262
               6.6708999                      -7.2296754
               6.6858001                      -7.1106351
               6.7006998                       -6.997235
                  6.7156                      -6.8887863
               6.7305002                      -6.7848961
                  6.7454                       -6.685499
               6.7603002                      -6.5908501
               6.7751999                       -6.501486
               6.7901001                      -6.4181458
               6.8049998                      -6.3416812
                  6.8199                      -6.2729491
               6.8347998                      -6.2127282
                  6.8497                      -6.1616336
               6.8646002                      -6.1200698
               6.8794999                      -6.0882068
               6.8944001                      -6.0659855
               6.9092999                      -6.0531513
               6.9242001                      -6.0493144
               6.9390998                      -6.0540212
                   6.954                      -6.0668389
               6.9689002                      -6.0874317
               6.9837999                      -6.1156312
               6.9987001                      -6.1514823
               7.0135999                       -6.195267
               7.0285001                      -6.2474851
               7.0433998                       -6.308825
                  7.0583                       -6.380084
               7.0732002                      -6.4620883
                  7.0881                      -6.5555803
               7.1030002                      -6.6611199
               7.1178999                      -6.7789685
               7.1328001                      -6.9089952
               7.1476998                      -7.0505837
                  7.1626                      -7.2025652
               7.1774998                      -7.3631727
                  7.1924                       -7.530021
               7.2073002                       -7.700126
               7.2221999                      -7.8699667
               7.2371001                      -8.0355974
               7.2519999                      -8.1928157
               7.2669001                      -8.3373759
               7.2817998                      -8.4652561
                  7.2967                      -8.5729331
               7.3116002                      -8.6576493
               7.3264999                      -8.7176382
               7.3414001                      -8.7522663
               7.3562999                      -8.7620842
               7.3712001                      -8.7487682
               7.3860998                      -8.7149742
                   7.401                      -8.6641336
               7.4159002                      -8.6002091
                  7.4308                      -8.5274615
               7.4457002                      -8.4502234
               7.4605999                      -8.3727195
               7.4755001                      -8.2989096
               7.4903998                      -8.2323845
                  7.5053                      -8.1762764
               7.5201998                      -8.1331996
                  7.5351                      -8.1052066
               7.5500002                      -8.0937495
               7.5648999                      -8.0996519
               7.5798001                      -8.1230876
               7.5946999                      -8.1635564
               7.6096001                      -8.2198765
               7.6244998                      -8.2901911
                  7.6394                      -8.3719918
               7.6543002                      -8.4621824
               7.6691999                      -8.5571806
               7.6841002                      -8.6530776
               7.6989999                      -8.7458449
               7.7139001                      -8.8315937
               7.7287998                       -8.906855
                  7.7437                      -8.9688537
               7.7586002                      -9.0157466
                  7.7735                      -9.0467591
               7.7884002                      -9.0622272
               7.8032999                      -9.0635148
               7.8182001                      -9.0528302
               7.8330998                      -9.0329862
                   7.848                      -9.0071206
               7.8628998                      -8.9784383
                  7.8778                      -8.9499935
               7.8927002                      -8.9245222
               7.9075999                      -8.9043423
               7.9225001                      -8.8912978
               7.9373999                       -8.886759
               7.9523001                      -8.8916556
               7.9671998                      -8.9065253
                  7.9821                      -8.9315934
               7.9970002                      -8.9668518
               8.0118999                       -9.012144
               8.0268002                       -9.067243
               8.0417004                      -9.1319321
               8.0565996                       -9.206065
               8.0714998                      -9.2896182
                  8.0864                      -9.3827192
               8.1013002                      -9.4856707
               8.1162004                      -9.5989354
               8.1310997                      -9.7231307
               8.1459999                      -9.8589833
               8.1609001                      -10.007289
               8.1758003                      -10.168864
               8.1906996                      -10.344478
               8.2055998                      -10.534797
                  8.2205                       -10.74032
               8.2354002                       -10.96131
               8.2503004                      -11.197721
               8.2651997                      -11.449117
               8.2800999                      -11.714574
               8.2950001                      -11.992565
               8.3099003                      -12.280824
               8.3247995                      -12.576164
               8.3396997                      -12.874296
                  8.3546                      -13.169635
               8.3695002                       -13.45514
               8.3844004                      -13.722268
               8.3992996                      -13.961135
               8.4141998                       -14.16098
                  8.4291                      -14.311037
               8.4440002                      -14.401772
               8.4589005                      -14.426299
               8.4737997                       -14.38164
               8.4886999                      -14.269421
               8.5036001                      -14.095756
               8.5185003                      -13.870348
               8.5333996                      -13.605111
               8.5482998                      -13.312696
                  8.5632                      -13.005277
               8.5781002                      -12.693722
               8.5930004                      -12.387173
               8.6078997                      -12.092932
               8.6227999                       -11.81655
               8.6377001                      -11.562011
               8.6526003                      -11.331973
               8.6674995                       -11.12799
               8.6823997                      -10.950733
                  8.6973                       -10.80017
               8.7122002                      -10.675743
               8.7271004                      -10.576512
               8.7419996                      -10.501285
               8.7568998                       -10.44874
                  8.7718                      -10.417528
               8.7867002                      -10.406362
               8.8016005                      -10.414096
               8.8164997                      -10.439771
               8.8313999                      -10.482653
               8.8463001                       -10.54223
               8.8612003                      -10.618198
               8.8760996                      -10.710424
               8.8909998                      -10.818871
                  8.9059                      -10.943547
               8.9208002                      -11.084415
               8.9357004                      -11.241335
               8.9505997                      -11.413986
               8.9654999                      -11.601836
               8.9804001                      -11.804117
               8.9953003                      -12.019819
               9.0101995                      -12.247723
               9.0250998                       -12.48645
                    9.04                      -12.734522
               9.0549002                       -12.99044
               9.0698004                      -13.252747
               9.0846996                      -13.520086
               9.0995998                      -13.791211
                  9.1145                      -14.064963
               9.1294003                      -14.340188
               9.1443005                      -14.615608
               9.1591997                      -14.889637
               9.1740999                       -15.16016
               9.1890001                      -15.424288
               9.2039003                      -15.678116
               9.2187996                      -15.916497
               9.2336998                      -16.132902
                  9.2486                      -16.319392
               9.2635002                      -16.466801
               9.2784004                       -16.56519
               9.2932997                       -16.60464
               9.3081999                       -16.57636
               9.3231001                      -16.473961
               9.3380003                      -16.294647
               9.3528996                      -16.039975
               9.3677998                      -15.715946
                  9.3827                       -15.33238
               9.3976002                      -14.901764
               9.4125004                      -14.437896
               9.4273996                      -13.954652
               9.4422998                      -13.465041
               9.4572001                      -12.980624
               9.4721003                      -12.511246
               9.4870005                      -12.064983
               9.5018997                      -11.648222
               9.5167999                      -11.265804
               9.5317001                      -10.921172
               9.5466003                      -10.616491
               9.5614996                      -10.352745
               9.5763998                       -10.12978
                  9.5913                      -9.9463042
               9.6062002                      -9.7998608
               9.6211004                      -9.6867683
               9.6359997                      -9.6020749
               9.6508999                      -9.5395387
               9.6658001                      -9.4917049
               9.6807003                      -9.4501228
               9.6955996                      -9.4057542
               9.7104998                      -9.3496104
                  9.7254                      -9.2735503
               9.7403002                       -9.171167
               9.7552004                      -9.0385386
               9.7700996                       -8.874672
               9.7849998                      -8.6815112
               9.7999001                      -8.4634944
               9.8148003                      -8.2268018
               9.8297005                      -7.9784709
               9.8445997                      -7.7255846
               9.8594999                      -7.4746438
               9.8744001                      -7.2311621
               9.8893003                      -6.9994739
               9.9041996                      -6.7827088
               9.9190998                      -6.5828628
                   9.934                      -6.4009465
               9.9489002                      -6.2371598
               9.9638004                      -6.0910713
               9.9786997                      -5.9617971
               9.9935999                      -5.8481659
                 10.0085                       -5.748874
                 10.0234                      -5.6626024
                 10.0383                      -5.5881235
                 10.0532                      -5.5243776
                 10.0681                      -5.4705158
                  10.083                      -5.4259185
                 10.0979                      -5.3901914
                 10.1128                      -5.3631426
                 10.1277                       -5.344742
                 10.1426                      -5.3350799
                 10.1575                      -5.3343289
                 10.1724                      -5.3427025
                 10.1873                      -5.3604302
                 10.2022                      -5.3877526
                 10.2171                      -5.4249097
                  10.232                      -5.4721597
                 10.2469                      -5.5297847
                 10.2618                      -5.5981199
                 10.2767                      -5.6775721
                 10.2916                      -5.7686293
                 10.3065                      -5.8718785
                 10.3214                      -5.9880054
                 10.3363                      -6.1177874
                 10.3512                      -6.2620811
                 10.3661                      -6.4218042
                  10.381                      -6.5979117
                 10.3959                      -6.7913757
                 10.4108                      -7.0031653
                 10.4257                      -7.2342282
                 10.4406                      -7.4854787
                 10.4555                      -7.7577945
                 10.4704                      -8.0520077
                 10.4853                      -8.3689063
                 10.5002                      -8.7092223
                 10.5151                      -9.0736188
                   10.53                      -9.4626517
                 10.5449                      -9.8766971
                 10.5598                      -10.315841
                 10.5747                      -10.779687
                 10.5896                      -11.267081
                 10.6045                      -11.775693
                 10.6194                       -12.30145
                 10.6343                      -12.837775
                 10.6492                      -13.374649
                 10.6641                      -13.897657
                  10.679                      -14.387267
                 10.6939                      -14.818988
                 10.7088                      -15.165148
                 10.7237                      -15.398885
                 10.7386                      -15.499881
                 10.7535                      -15.459823
                 10.7684                      -15.284865
                 10.7833                       -14.99362
                 10.7982                      -14.611912
                 10.8131                      -14.166984
                  10.828                      -13.683315
                 10.8429                      -13.180643
                 10.8578                        -12.6737
                 10.8727                      -12.172855
                 10.8876                      -11.685067
                 10.9025                      -11.214801
                 10.9174                      -10.764779
                 10.9323                       -10.33654
                 10.9472                      -9.9308336
                 10.9621                      -9.5478859
                  10.977                      -9.1875743
                 10.9919                      -8.8495303
                 11.0068                      -8.5332108
                 11.0217                      -8.2379443
                 11.0366                      -7.9629597
                 11.0515                      -7.7074176
                 11.0664                      -7.4704326
                 11.0813                      -7.2511029
                 11.0962                      -7.0485411
                 11.1111                      -6.8619019
                  11.126                      -6.6904074
                 11.1409                      -6.5333711
                 11.1558                      -6.3902124
                 11.1707                      -6.2604601
                 11.1856                      -6.1437531
                 11.2005                      -6.0398209
                 11.2154                      -5.9484644
                 11.2303                      -5.8695286
                 11.2452                      -5.8028656
                 11.2601                      -5.7483127
                  11.275                      -5.7056503
                 11.2899                      -5.6745917
                 11.3048                      -5.6547617
                 11.3197                      -5.6456981
                 11.3346                      -5.6468526
                 11.3495                      -5.6576077
                 11.3644                      -5.6773064
                 11.3793                      -5.7052691
                 11.3942                      -5.7408297
                 11.4091                      -5.7833599
                  11.424                      -5.8322864
                 11.4389                      -5.8871038
                 11.4538                      -5.9473681
                 11.4687                      -6.0126938
                 11.4836                      -6.0827239
                 11.4985                      -6.1571094
                 11.5134                      -6.2354807
                 11.5283                      -6.3174276
                 11.5432                      -6.4024872
                 11.5581                      -6.4901461
                  11.573                      -6.5798622
                 11.5879                      -6.6711025
                 11.6028                      -6.7633935
                 11.6177                      -6.8563812
                 11.6326                       -6.949894
                 11.6475                      -7.0439911
                 11.6624                      -7.1390022
                 11.6773                      -7.2355345
                 11.6922                      -7.3344588
                 11.7071                       -7.436864
                  11.722                      -7.5439835
                 11.7369                      -7.6571138
                 11.7518                      -7.7775141
                 11.7667                      -7.9063056
                 11.7816                      -8.0443839
                 11.7965                      -8.1923318
                 11.8114                      -8.3503571
                 11.8263                      -8.5182319
                 11.8412                      -8.6952558
                 11.8561                      -8.8802221
                  11.871                      -9.0713893
                 11.8859                      -9.2664515
                 11.9008                       -9.462505
                 11.9157                      -9.6560122
                 11.9306                      -9.8427699
                 11.9455                      -10.017888
                 11.9604                      -10.175826
                 11.9753                      -10.310491
                 11.9902                      -10.415482
                 12.0051                      -10.484458
                   12.02                      -10.511666
                 12.0349                      -10.492566
                 12.0498                      -10.424437
                 12.0647                      -10.306839
                 12.0796                      -10.141803
                 12.0945                      -9.9336627
                 12.1094                      -9.6885985
                 12.1243                      -9.4139727
                 12.1392                      -9.1176079
                 12.1541                      -8.8071595
                  12.169                      -8.4896302
                 12.1839                      -8.1710692
                 12.1988                      -7.8564417
                 12.2137                      -7.5496196
                 12.2286                       -7.253454
                 12.2435                      -6.9699133
                 12.2584                      -6.7002321
                 12.2733                      -6.4450648
                 12.2882                      -6.2046373
                 12.3031                      -5.9788769
                  12.318                      -5.7675228
                 12.3329                      -5.5702183
                 12.3478                      -5.3865676
                 12.3627                      -5.2161799
                 12.3776                      -5.0586879
                 12.3925                      -4.9137505
                 12.4074                      -4.7810372
                 12.4223                      -4.6602111
                 12.4372                      -4.5509046
                 12.4521                      -4.4526985
                  12.467                      -4.3651105
                 12.4819                      -4.2875902
                 12.4968                      -4.2195287
                 12.5117                      -4.1602755
                 12.5266                      -4.1091691
                 12.5415                      -4.0655791
                 12.5564                       -4.028939
                 12.5713                       -3.998785
                 12.5862                      -3.9747879
                 12.6011                      -3.9567748
                  12.616                       -3.944722
                 12.6309                      -3.9387593
                 12.6458                      -3.9391357
                 12.6607                      -3.9461905
                 12.6756                        -3.96031
                 12.6905                       -3.981898
                 12.7054                      -4.0113291
                 12.7203                      -4.0489328
                 12.7352                      -4.0949878
                 12.7501                      -4.1497197
                  12.765                      -4.2133276
                 12.7799                      -4.2860099
                 12.7948                      -4.3680127
                 12.8097                      -4.4596691
                 12.8246                      -4.5614373
                 12.8395                      -4.6739341
                 12.8544                      -4.7979446
                 12.8693                      -4.9344197
                 12.8842                      -5.0844463
                 12.8991                      -5.2492012
                  12.914                      -5.4298749
                 12.9289                      -5.6275969
                 12.9438                      -5.8433174
                 12.9587                      -6.0777056
                 12.9736                      -6.3310223
                 12.9885                        -6.60298
                 13.0034                      -6.8926084
                 13.0183                      -7.1980982
                 13.0332                      -7.5166482
                 13.0481                      -7.8443085
                  13.063                      -8.1758528
                 13.0779                      -8.5046873
                 13.0928                      -8.8228517
                 13.1077                      -9.1211709
                 13.1226                      -9.3896109
                 13.1375                      -9.6178907
                 13.1524                      -9.7963472
                 13.1673                      -9.9169711
                 13.1822                      -9.9744182
                 13.1971                      -9.9667716
                  13.212                      -9.8958276
                 13.2269                       -9.766837
                 13.2418                      -9.5877631
                 13.2567                      -9.3682729
                 13.2716                      -9.1187052
                 13.2865                      -8.8491845
                 13.3014                      -8.5689942
                 13.3163                      -8.2861887
                 13.3312                      -8.0074215
                 13.3461                      -7.7379172
                  13.361                      -7.4815339
                 13.3759                      -7.2408736
                 13.3908                      -7.0174185
                 13.4057                      -6.8116754
                 13.4206                      -6.6233217
                 13.4355                      -6.4513647
                 13.4504                      -6.2942928
                 13.4653                      -6.1502456
                 13.4802                      -6.0171818
                 13.4951                       -5.893042
                   13.51                      -5.7759112
                 13.5249                       -5.664147
                 13.5398                      -5.5564839
                 13.5547                      -5.4520835
                 13.5696                      -5.3505452
                 13.5845                      -5.2518669
                 13.5994                      -5.1563693
                 13.6143                      -5.0645838
                 13.6292                      -4.9771537
                 13.6441                       -4.894721
                  13.659                      -4.8178403
                 13.6739                      -4.7469269
                 13.6888                      -4.6822187
                 13.7037                      -4.6237921
                 13.7186                      -4.5715867
                 13.7335                      -4.5254498
                 13.7484                      -4.4852069
                 13.7633                      -4.4507116
                 13.7782                      -4.4218967
                 13.7931                      -4.3988114
                  13.808                      -4.3816181
                 13.8229                      -4.3705952
                 13.8378                      -4.3660888
                 13.8527                      -4.3684753
                 13.8676                      -4.3780955
                 13.8825                       -4.395212
                 13.8974                      -4.4199535
                 13.9123                      -4.4522976
                 13.9272                      -4.4920659
                 13.9421                      -4.5389392
                  13.957                      -4.5925021
                 13.9719                      -4.6523064
                 13.9868                      -4.7179375
                 14.0017                      -4.7890866
                 14.0166                      -4.8656137
                 14.0315                      -4.9475796
                 14.0464                      -5.0352642
                 14.0613                      -5.1291376
                 14.0762                      -5.2298074
                 14.0911                      -5.3379312
                  14.106                       -5.454116
                 14.1209                      -5.5788045
                 14.1358                      -5.7121658
                 14.1507                      -5.8539965
                 14.1656                      -6.0036589
                 14.1805                      -6.1600353
                 14.1954                      -6.3215258
                 14.2103                      -6.4860921
                 14.2252                      -6.6513277
                 14.2401                      -6.8145613
                  14.255                      -6.9729756
                 14.2699                      -7.1237233
                 14.2848                      -7.2640232
                 14.2997                      -7.3912264
                 14.3146                      -7.5028355
                 14.3295                      -7.5964992
                 14.3444                       -7.669986
                 14.3593                      -7.7211742
                 14.3742                      -7.7480859
                 14.3891                      -7.7489861
                  14.404                       -7.722546
                 14.4189                      -7.6680506
                 14.4338                      -7.5856103
                 14.4487                      -7.4763172
                 14.4636                       -7.342298
                 14.4785                      -7.1866389
                 14.4934                      -7.0131808
                 14.5083                      -6.8262251
                 14.5232                      -6.6302022
                 14.5381                      -6.4293434
                  14.553                      -6.2274196
                 14.5679                      -6.0275524
                 14.5828                      -5.8321164
                 14.5977                      -5.6427274
                 14.6126                      -5.4602963
                 14.6275                       -5.285147
                 14.6424                      -5.1171634
                 14.6573                      -4.9559589
                 14.6722                      -4.8010411
                 14.6871                      -4.6519663
                  14.702                      -4.5084503
                 14.7169                      -4.3704402
                 14.7318                      -4.2381365
                 14.7467                        -4.11197
                 14.7616                      -3.9925241
                 14.7765                      -3.8804558
                 14.7914                      -3.7763776
                 14.8063                      -3.6807691
                 14.8212                      -3.5938897
                 14.8361                      -3.5157307
                  14.851                      -3.4460003
                 14.8659                      -3.3841477
                 14.8808                      -3.3294163
                 14.8957                      -3.2809356
                 14.9106                      -3.2378287
                 14.9255                      -3.1993135
                 14.9404                      -3.1648127
                 14.9553                      -3.1340215
                 14.9702                      -3.1069436
                 14.9851                      -3.0838929
                      15                      -3.0654347

