        Frequency / GHz                S1,1/abs,dB
----------------------------------------------------------------------
                     0.1                     0.098778339
                  0.1149                      0.18838946
              0.12980001                      0.26148998
              0.14470001                      0.31338085
                  0.1596                      0.34089951
                  0.1745                      0.34245281
                  0.1894                      0.31801739
                  0.2043                       0.2691296
                  0.2192                       0.1988577
                  0.2341                      0.11174286
                   0.249                     0.013681776
              0.26390001                    -0.088323945
              0.27880001                      -0.1865638
              0.29370001                     -0.27321922
              0.30860001                     -0.34111666
              0.32350001                     -0.38456193
              0.33840001                     -0.40009236
              0.35330001                     -0.38696315
                  0.3682                     -0.34724899
                  0.3831                     -0.28552133
                   0.398                     -0.20819309
                  0.4129                     -0.12269701
                  0.4278                    -0.036673576
                  0.4427                     0.042711201
                  0.4576                      0.10926124
                  0.4725                       0.1580685
                  0.4874                      0.18567932
              0.50230002                      0.19017258
              0.51719999                       0.1711791
              0.53210002                      0.12987273
              0.54699999                     0.068931642
              0.56190002                   -0.0075384581
              0.57679999                     -0.09414491
              0.59170002                     -0.18447228
              0.60659999                     -0.27147541
              0.62150002                     -0.34804735
              0.63639998                     -0.40771397
              0.65130001                     -0.44538491
              0.66619998                     -0.45801096
              0.68110001                     -0.44501506
              0.69599998                     -0.40836263
              0.71090001                     -0.35227636
              0.72579998                     -0.28265616
              0.74070001                     -0.20634365
              0.75559998                      -0.1303893
                  0.7705                    -0.061421311
              0.78539997                   -0.0051762474
                  0.8003                     0.033816456
              0.81519997                     0.052422052
                  0.8301                     0.048993909
              0.84500003                     0.023421061
                  0.8599                     -0.02286919
              0.87480003                    -0.086940895
                  0.8897                      -0.1644276
              0.90460002                     -0.24970007
              0.91949999                     -0.33616394
              0.93440002                     -0.41671054
              0.94929999                     -0.48433933
              0.96420002                     -0.53290472
              0.97909999                     -0.55788099
              0.99400002                     -0.55699615
                  1.0089                     -0.53057746
                  1.0238                      -0.4815311
                  1.0387                     -0.41493959
                  1.0536                     -0.33740727
                  1.0685                     -0.25629358
                  1.0834                     -0.17897536
                  1.0983                     -0.11225417
               1.1131999                    -0.061914135
                  1.1281                    -0.032440621
                   1.143                    -0.026847908
                  1.1579                    -0.046568812
               1.1727999                    -0.091387748
                  1.1877                     -0.15937856
                  1.2026                     -0.24687483
                  1.2175                     -0.34848905
               1.2323999                     -0.45723279
                  1.2473                     -0.56482872
                  1.2622                     -0.66225693
                  1.2771                     -0.74059533
               1.2920001                     -0.79207774
                  1.3069                      -0.8112239
                  1.3218                     -0.79577908
                  1.3367                     -0.74720969
               1.3516001                     -0.67060963
                  1.3665                     -0.57405429
                  1.3814                     -0.46761598
                  1.3963                     -0.36231452
                  1.4112                     -0.26921941
                  1.4261                     -0.19883485
                   1.441                     -0.16078013
                  1.4559                     -0.16370344
                  1.4708                     -0.21538118
                  1.4857                     -0.32291079
                  1.5006                     -0.49296158
               1.5154999                     -0.73205136
                  1.5304                      -1.0468198
                  1.5453                      -1.4442935
                  1.5602                      -1.9321103
               1.5750999                      -2.5186478
                    1.59                      -3.2129282
                  1.6049                       -4.023952
                  1.6198                      -4.9586974
               1.6346999                      -6.0170094
                  1.6496                      -7.1795712
                  1.6645                      -8.3825397
                  1.6794                      -9.4764503
               1.6943001                      -10.205294
                  1.7092                      -10.314771
                  1.7241                      -9.7817083
                   1.739                      -8.8394501
               1.7539001                      -7.7549621
                  1.7688                       -6.693604
                  1.7837                      -5.7287453
                  1.7986                      -4.8838373
                  1.8135                      -4.1603316
                  1.8284                       -3.551234
                  1.8433                      -3.0469377
                  1.8582                      -2.6375324
                  1.8731                       -2.313594
                   1.888                      -2.0663385
                  1.9029                      -1.8875274
               1.9177999                      -1.7692762
                  1.9327                      -1.7038498
                  1.9476                      -1.6834812
                  1.9625                      -1.7002333
               1.9773999                      -1.7459388
                  1.9923                      -1.8122361
                  2.0072                      -1.8907273
                  2.0221                      -1.9732653
               2.0369999                      -2.0523615
               2.0518999                      -2.1216575
               2.0668001                      -2.1763934
               2.0817001                      -2.2137525
               2.0966001                      -2.2330267
                  2.1115                      -2.2355148
                  2.1264                      -2.2242103
                  2.1413                      -2.2033043
               2.1561999                      -2.1776376
               2.1710999                      -2.1521664
               2.1860001                      -2.1315199
               2.2009001                      -2.1196699
                  2.2158                      -2.1197218
                  2.2307                      -2.1338059
                  2.2456                      -2.1630393
                  2.2605                      -2.2075467
               2.2753999                      -2.2665293
               2.2902999                      -2.3383534
               2.3052001                       -2.420685
               2.3201001                      -2.5106482
                   2.335                      -2.6050297
                  2.3499                      -2.7005076
                  2.3648                      -2.7939076
               2.3796999                      -2.8824605
               2.3945999                      -2.9640421
               2.4094999                      -3.0373545
               2.4244001                      -3.1020252
               2.4393001                      -3.1586133
                  2.4542                      -3.2085213
                  2.4691                      -3.2538194
                   2.484                      -3.2970196
               2.4988999                      -3.3408314
               2.5137999                      -3.3879237
               2.5287001                      -3.4407107
               2.5436001                      -3.5011918
               2.5585001                      -3.5708276
                  2.5734                      -3.6504677
                  2.5883                       -3.740317
                  2.6032                      -3.8399436
               2.6180999                      -3.9483201
               2.6329999                      -4.0639067
               2.6479001                       -4.184755
               2.6628001                      -4.3086567
                  2.6777                      -4.4333125
                  2.6926                      -4.5565152
                  2.7075                      -4.6763408
                  2.7224                      -4.7913226
               2.7372999                      -4.9005774
               2.7521999                      -5.0038942
               2.7671001                      -5.1017358
               2.7820001                      -5.1951869
                  2.7969                      -5.2858358
                  2.8118                      -5.3756118
                  2.8267                      -5.4666032
               2.8415999                      -5.5608715
               2.8564999                      -5.6602776
               2.8714001                      -5.7663352
               2.8863001                      -5.8801036
               2.9012001                       -6.002102
                  2.9161                      -6.1322769
                   2.931                      -6.2699961
                  2.9459                      -6.4140835
               2.9607999                       -6.562893
               2.9756999                      -6.7144125
               2.9906001                      -6.8664183
               3.0055001                      -7.0166403
                  3.0204                      -7.1629499
                  3.0353                      -7.3035525
                  3.0502                      -7.4371421
                  3.0651                      -7.5630247
               3.0799999                      -7.6811657
               3.0948999                      -7.7921717
               3.1098001                      -7.8972012
               3.1247001                      -7.9978102
                  3.1396                      -8.0957649
                  3.1545                      -8.1928399
                  3.1694                      -8.2906103
               3.1842999                      -8.3902845
               3.1991999                       -8.492557
               3.2140999                      -8.5975158
               3.2290001                       -8.704592
               3.2439001                      -8.8125666
                  3.2588                      -8.9196349
                  3.2737                      -9.0235226
                  3.2886                      -9.1216574
               3.3034999                      -9.2113932
               3.3183999                      -9.2902504
               3.3333001                      -9.3561699
               3.3482001                      -9.4077282
               3.3631001                      -9.4442924
                   3.378                      -9.4660926
                  3.3929                      -9.4741875
                  3.4078                       -9.470346
               3.4226999                       -9.456851
               3.4375999                      -9.4362759
               3.4525001                      -9.4112433
               3.4674001                      -9.3842186
                  3.4823                      -9.3573313
                  3.4972                      -9.3322645
                  3.5121                      -9.3101798
                   3.527                      -9.2917058
               3.5418999                      -9.2769616
               3.5567999                      -9.2656197
               3.5717001                      -9.2570023
               3.5866001                      -9.2501914
                  3.6015                      -9.2441569
                  3.6164                      -9.2378901
                  3.6313                      -9.2305164
               3.6461999                      -9.2214053
               3.6610999                      -9.2102446
               3.6760001                      -9.1970727
               3.6909001                      -9.1822857
               3.7058001                      -9.1665998
                  3.7207                      -9.1509831
                  3.7356                       -9.136571
                  3.7505                      -9.1245637
               3.7653999                      -9.1161303
               3.7802999                      -9.1123166
               3.7952001                      -9.1139663
               3.8101001                      -9.1216674
                   3.825                      -9.1357146
                  3.8399                      -9.1560954
                  3.8548                      -9.1825034
                  3.8697                      -9.2143616
               3.8845999                      -9.2508752
               3.8994999                      -9.2910939
               3.9144001                      -9.3339865
               3.9293001                      -9.3785296
                  3.9442                      -9.4237807
                  3.9591                      -9.4689659
                   3.974                      -9.5135346
               3.9888999                      -9.5572093
               4.0037999                      -9.6000021
               4.0187001                      -9.6422108
               4.0335999                       -9.684389
               4.0485001                      -9.7272935
               4.0633998                      -9.7718253
                  4.0783                      -9.8189451
               4.0932002                      -9.8696111
               4.1080999                      -9.9246979
               4.1230001                      -9.9849467
               4.1378999                      -10.050911
               4.1528001                      -10.122927
               4.1676998                      -10.201098
                  4.1826                      -10.285293
               4.1975002                      -10.375162
                  4.2124                      -10.470158
               4.2273002                      -10.569585
               4.2421999                      -10.672632
               4.2571001                      -10.778441
               4.2719998                      -10.886146
                  4.2869                      -10.994936
               4.3017998                      -11.104094
                  4.3167                      -11.213035
               4.3316002                      -11.321327
               4.3464999                      -11.428694
               4.3614001                      -11.535008
               4.3762999                      -11.640266
               4.3912001                      -11.744553
               4.4060998                      -11.847993
                   4.421                      -11.950705
               4.4359002                      -12.052754
               4.4507999                        -12.1541
               4.4657001                       -12.25457
               4.4805999                      -12.353826
               4.4955001                      -12.451345
               4.5103998                      -12.546422
                  4.5253                      -12.638178
               4.5402002                      -12.725577
                  4.5551                      -12.807466
               4.5700002                       -12.88261
               4.5848999                       -12.94975
               4.5998001                      -13.007655
               4.6146998                      -13.055183
                  4.6296                      -13.091335
               4.6444998                      -13.115315
                  4.6594                       -13.12657
               4.6743002                      -13.124825
               4.6891999                      -13.110106
               4.7041001                      -13.082742
               4.7189999                      -13.043358
               4.7339001                      -12.992849
               4.7487998                      -12.932345
                  4.7637                      -12.863154
               4.7786002                      -12.786722
               4.7934999                      -12.704563
               4.8084002                      -12.618208
               4.8232999                      -12.529146
               4.8382001                       -12.43878
               4.8530998                      -12.348383
                   4.868                      -12.259064
               4.8829002                       -12.17175
                  4.8978                      -12.087171
               4.9127002                      -12.005856
               4.9275999                      -11.928148
               4.9425001                      -11.854209
               4.9573998                      -11.784058
               4.9723001                      -11.717592
               4.9871998                      -11.654627
                  5.0021                      -11.594939
               5.0170002                      -11.538301
               5.0318999                      -11.484528
               5.0468001                        -11.4335
               5.0616999                      -11.385197
               5.0766001                      -11.339712
               5.0914998                      -11.297254
                  5.1064                      -11.258149
               5.1213002                      -11.222818
                  5.1362                      -11.191757
               5.1511002                      -11.165501
               5.1659999                      -11.144594
               5.1809001                       -11.12955
               5.1957998                      -11.120814
                  5.2107                      -11.118736
               5.2255998                      -11.123548
                  5.2405                      -11.135338
               5.2554002                      -11.154057
               5.2702999                      -11.179505
               5.2852001                      -11.211355
               5.3000998                      -11.249172
               5.3150001                      -11.292439
               5.3298998                      -11.340598
                  5.3448                      -11.393093
               5.3597002                      -11.449409
               5.3745999                      -11.509117
               5.3895001                      -11.571905
               5.4043999                      -11.637611
               5.4193001                      -11.706232
               5.4341998                      -11.777929
                  5.4491                      -11.853014
               5.4640002                      -11.931924
                  5.4789                      -12.015185
               5.4938002                      -12.103366
               5.5086999                      -12.197031
               5.5236001                       -12.29669
               5.5384998                      -12.402753
                  5.5534                      -12.515488
               5.5682998                      -12.634989
                  5.5832                      -12.761166
               5.5981002                      -12.893727
               5.6129999                      -13.032197
               5.6279001                      -13.175937
               5.6427999                      -13.324182
               5.6577001                      -13.476088
               5.6725998                      -13.630794
                  5.6875                      -13.787476
               5.7024002                      -13.945414
               5.7172999                      -14.104033
               5.7322001                      -14.262947
               5.7470999                      -14.421968
               5.7620001                      -14.581103
               5.7768998                      -14.740513
                  5.7918                      -14.900463
               5.8067002                      -15.061245
                  5.8216                      -15.223086
               5.8365002                      -15.386059
               5.8513999                       -15.54999
               5.8663001                       -15.71438
               5.8811998                      -15.878354
                  5.8961                      -16.040623
               5.9109998                      -16.199498
                  5.9259                       -16.35294
               5.9408002                      -16.498649
               5.9556999                      -16.634198
               5.9706001                      -16.757202
               5.9854999                      -16.865492
               6.0004001                      -16.957293
               6.0152998                      -17.031365
                  6.0302                      -17.087084
               6.0451002                      -17.124466
               6.0599999                        -17.1441
               6.0749002                      -17.147045
               6.0897999                      -17.134651
               6.1047001                      -17.108397
               6.1195998                      -17.069717
                  6.1345                      -17.019872
               6.1494002                      -16.959865
                  6.1643                      -16.890399
               6.1792002                      -16.811908
               6.1940999                      -16.724602
               6.2090001                       -16.62857
               6.2238998                      -16.523886
                  6.2388                      -16.410708
               6.2536998                      -16.289377
                  6.2686                      -16.160476
               6.2835002                       -16.02486
               6.2983999                      -15.883644
               6.3133001                      -15.738158
               6.3281999                      -15.589875
               6.3431001                      -15.440327
               6.3579998                      -15.291014
                  6.3729                      -15.143316
               6.3878002                      -14.998423
               6.4026999                      -14.857283
               6.4176002                      -14.720571
               6.4324999                      -14.588675
               6.4474001                      -14.461711
               6.4622998                      -14.339554
                  6.4772                      -14.221875
               6.4920998                        -14.1082
                   6.507                      -13.997972
               6.5219002                      -13.890613
               6.5367999                      -13.785586
               6.5517001                      -13.682443
               6.5665998                      -13.580869
               6.5815001                      -13.480708
               6.5963998                      -13.381963
                  6.6113                      -13.284801
               6.6262002                      -13.189513
               6.6410999                      -13.096493
               6.6560001                      -13.006185
               6.6708999                       -12.91904
               6.6858001                      -12.835477
               6.7006998                      -12.755836
                  6.7156                       -12.68035
               6.7305002                      -12.609129
                  6.7454                      -12.542148
               6.7603002                      -12.479251
               6.7751999                       -12.42017
               6.7901001                      -12.364545
               6.8049998                       -12.31196
                  6.8199                      -12.261982
               6.8347998                      -12.214193
                  6.8497                       -12.16824
               6.8646002                      -12.123851
               6.8794999                      -12.080871
               6.8944001                      -12.039274
               6.9092999                      -11.999158
               6.9242001                      -11.960745
               6.9390998                      -11.924358
                   6.954                      -11.890392
               6.9689002                      -11.859282
               6.9837999                      -11.831474
               6.9987001                      -11.807379
               7.0135999                      -11.787356
               7.0285001                      -11.771678
               7.0433998                      -11.760519
                  7.0583                      -11.753952
               7.0732002                      -11.751936
                  7.0881                      -11.754343
               7.1030002                      -11.760964
               7.1178999                      -11.771539
               7.1328001                      -11.785788
               7.1476998                      -11.803433
                  7.1626                      -11.824239
               7.1774998                      -11.848038
                  7.1924                      -11.874748
               7.2073002                      -11.904392
               7.2221999                      -11.937103
               7.2371001                      -11.973119
               7.2519999                      -12.012775
               7.2669001                      -12.056484
               7.2817998                      -12.104708
                  7.2967                      -12.157936
               7.3116002                      -12.216651
               7.3264999                      -12.281304
               7.3414001                       -12.35229
               7.3562999                      -12.429934
               7.3712001                      -12.514472
               7.3860998                      -12.606053
                   7.401                      -12.704742
               7.4159002                      -12.810531
                  7.4308                      -12.923359
               7.4457002                      -13.043137
               7.4605999                      -13.169775
               7.4755001                      -13.303219
               7.4903998                      -13.443474
                  7.5053                      -13.590642
               7.5201998                      -13.744939
                  7.5351                       -13.90672
               7.5500002                      -14.076486
               7.5648999                      -14.254884
               7.5798001                      -14.442705
               7.5946999                      -14.640872
               7.6096001                      -14.850414
               7.6244998                       -15.07245
                  7.6394                      -15.308162
               7.6543002                      -15.558776
               7.6691999                      -15.825533
               7.6841002                      -16.109692
               7.6989999                      -16.412507
               7.7139001                      -16.735242
               7.7287998                      -17.079179
                  7.7437                      -17.445649
               7.7586002                       -17.83606
                  7.7735                      -18.251963
               7.7884002                        -18.6951
               7.8032999                      -19.167489
               7.8182001                      -19.671498
               7.8330998                      -20.209936
                   7.848                      -20.786112
               7.8628998                      -21.403878
                  7.8778                      -22.067557
               7.8927002                      -22.781707
               7.9075999                      -23.550496
               7.9225001                      -24.376314
               7.9373999                      -25.256916
               7.9523001                       -26.17979
               7.9671998                      -27.111956
                  7.9821                      -27.984452
               7.9970002                      -28.678316
               8.0118999                      -29.037613
               8.0268002                      -28.940038
               8.0417004                      -28.386288
               8.0565996                      -27.500032
               8.0714998                      -26.438474
                  8.0864                      -25.321718
               8.1013002                      -24.219719
               8.1162004                      -23.166253
               8.1310997                       -22.17442
               8.1459999                      -21.246825
               8.1609001                      -20.381202
               8.1758003                      -19.573283
               8.1906996                      -18.818208
               8.2055998                      -18.111173
                  8.2205                       -17.44772
               8.2354002                      -16.823837
               8.2503004                      -16.235975
               8.2651997                      -15.681028
               8.2800999                      -15.156287
               8.2950001                      -14.659401
               8.3099003                       -14.18833
               8.3247995                      -13.741299
               8.3396997                      -13.316757
                  8.3546                      -12.913344
               8.3695002                      -12.529856
               8.3844004                      -12.165211
               8.3992996                       -11.81843
               8.4141998                       -11.48861
                  8.4291                      -11.174905
               8.4440002                      -10.876518
               8.4589005                      -10.592682
               8.4737997                      -10.322652
               8.4886999                      -10.065713
               8.5036001                      -9.8211625
               8.5185003                      -9.5883242
               8.5333996                      -9.3665411
               8.5482998                      -9.1551923
                  8.5632                      -8.9536868
               8.5781002                      -8.7614771
               8.5930004                       -8.578062
               8.6078997                      -8.4029914
               8.6227999                      -8.2358709
               8.6377001                      -8.0763599
               8.6526003                      -7.9241754
               8.6674995                      -7.7790849
               8.6823997                      -7.6409015
                  8.6973                      -7.5094802
               8.7122002                      -7.3847037
               8.7271004                      -7.2664747
               8.7419996                      -7.1547041
               8.7568998                       -7.049301
                  8.7718                      -6.9501599
               8.7867002                      -6.8571528
               8.8016005                       -6.770121
               8.8164997                      -6.6888689
               8.8313999                      -6.6131601
               8.8463001                      -6.5427168
               8.8612003                       -6.477221
               8.8760996                      -6.4163201
               8.8909998                      -6.3596326
                  8.9059                      -6.3067569
               8.9208002                      -6.2572833
               8.9357004                      -6.2108036
               8.9505997                       -6.166925
               8.9654999                      -6.1252786
               8.9804001                      -6.0855348
               8.9953003                      -6.0474054
               9.0101995                      -6.0106537
               9.0250998                      -5.9750978
                    9.04                      -5.9406071
               9.0549002                         -5.9071
               9.0698004                      -5.8745396
               9.0846996                      -5.8429222
               9.0995998                      -5.8122694
                  9.1145                      -5.7826134
               9.1294003                      -5.7539928
               9.1443005                      -5.7264314
               9.1591997                      -5.6999396
               9.1740999                      -5.6745021
               9.1890001                      -5.6500737
               9.2039003                      -5.6265813
               9.2187996                      -5.6039263
               9.2336998                      -5.5819819
                  9.2486                      -5.5606101
               9.2635002                      -5.5396635
               9.2784004                       -5.518996
               9.2932997                      -5.4984779
               9.3081999                      -5.4779962
               9.3231001                      -5.4574709
               9.3380003                      -5.4368539
               9.3528996                      -5.4161352
               9.3677998                      -5.3953422
                  9.3827                      -5.3745381
               9.3976002                       -5.353809
               9.4125004                      -5.3332643
               9.4273996                       -5.313022
               9.4422998                      -5.2931996
               9.4572001                      -5.2739004
               9.4721003                      -5.2552097
               9.4870005                      -5.2371848
               9.5018997                      -5.2198465
               9.5167999                      -5.2031795
               9.5317001                      -5.1871326
               9.5466003                      -5.1716276
               9.5614996                      -5.1565528
               9.5763998                      -5.1417868
                  9.5913                      -5.1271975
               9.6062002                      -5.1126592
               9.6211004                      -5.0980613
               9.6359997                      -5.0833163
               9.6508999                      -5.0683726
               9.6658001                      -5.0532123
               9.6807003                      -5.0378586
               9.6955996                      -5.0223694
               9.7104998                      -5.0068385
                  9.7254                      -4.9913818
               9.7403002                       -4.976128
               9.7552004                      -4.9612153
               9.7700996                      -4.9467684
               9.7849998                      -4.9328976
               9.7999001                       -4.919683
               9.8148003                      -4.9071726
               9.8297005                      -4.8953743
               9.8445997                      -4.8842612
               9.8594999                      -4.8737643
               9.8744001                      -4.8637923
               9.8893003                      -4.8542276
               9.9041996                      -4.8449463
               9.9190998                      -4.8358205
                   9.934                      -4.8267394
               9.9489002                      -4.8176145
               9.9638004                      -4.8083874
               9.9786997                      -4.7990411
               9.9935999                      -4.7895953
                 10.0085                      -4.7801127
                 10.0234                      -4.7706878
                 10.0383                      -4.7614462
                 10.0532                      -4.7525286
                 10.0681                      -4.7440794
                  10.083                      -4.7362404
                 10.0979                      -4.7291349
                 10.1128                       -4.722856
                 10.1277                      -4.7174657
                 10.1426                      -4.7129812
                 10.1575                      -4.7093829
                 10.1724                      -4.7066144
                 10.1873                      -4.7045851
                 10.2022                      -4.7031805
                 10.2171                      -4.7022787
                  10.232                      -4.7017555
                 10.2469                      -4.7015002
                 10.2618                      -4.7014264
                 10.2767                      -4.7014818
                 10.2916                      -4.7016533
                 10.3065                      -4.7019704
                 10.3214                      -4.7025061
                 10.3363                      -4.7033689
                 10.3512                      -4.7046956
                 10.3661                      -4.7066437
                  10.381                      -4.7093752
                 10.3959                       -4.713044
                 10.4108                      -4.7177878
                 10.4257                      -4.7237125
                 10.4406                        -4.73089
                 10.4555                      -4.7393445
                 10.4704                      -4.7490632
                 10.4853                      -4.7599912
                 10.5002                      -4.7720407
                 10.5151                      -4.7850993
                   10.53                      -4.7990468
                 10.5449                      -4.8137586
                 10.5598                      -4.8291288
                 10.5747                       -4.845079
                 10.5896                      -4.8615637
                 10.6045                      -4.8785856
                 10.6194                      -4.8961879
                 10.6343                      -4.9144625
                 10.6492                      -4.9335388
                 10.6641                      -4.9535793
                  10.679                      -4.9747648
                 10.6939                      -4.9972787
                 10.7088                      -5.0212993
                 10.7237                      -5.0469845
                 10.7386                      -5.0744557
                 10.7535                      -5.1037982
                 10.7684                      -5.1350482
                 10.7833                      -5.1681955
                 10.7982                      -5.2031888
                 10.8131                      -5.2399376
                  10.828                       -5.278331
                 10.8429                      -5.3182427
                 10.8578                      -5.3595494
                 10.8727                      -5.4021464
                 10.8876                      -5.4459614
                 10.9025                      -5.4909583
                 10.9174                      -5.5371546
                 10.9323                      -5.5846204
                 10.9472                      -5.6334769
                 10.9621                      -5.6838886
                  10.977                      -5.7360572
                 10.9919                      -5.7902036
                 11.0068                      -5.8465602
                 11.0217                      -5.9053472
                 11.0366                      -5.9667606
                 11.0515                      -6.0309618
                 11.0664                      -6.0980633
                 11.0813                      -6.1681245
                 11.0962                      -6.2411523
                 11.1111                      -6.3171016
                  11.126                      -6.3958868
                 11.1409                      -6.4773915
                 11.1558                       -6.561485
                 11.1707                      -6.6480413
                 11.1856                      -6.7369534
                 11.2005                      -6.8281526
                 11.2154                      -6.9216233
                 11.2303                      -7.0174085
                 11.2452                      -7.1156187
                 11.2601                      -7.2164283
                  11.275                      -7.3200718
                 11.2899                      -7.4268275
                 11.3048                       -7.537007
                 11.3197                      -7.6509306
                 11.3346                      -7.7689113
                 11.3495                       -7.891231
                 11.3644                      -8.0181258
                 11.3793                      -8.1497693
                 11.3942                      -8.2862661
                 11.4091                      -8.4276474
                  11.424                      -8.5738703
                 11.4389                      -8.7248315
                 11.4538                      -8.8803842
                 11.4687                       -9.040352
                 11.4836                      -9.2045605
                 11.4985                      -9.3728544
                 11.5134                      -9.5451324
                 11.5283                      -9.7213598
                 11.5432                      -9.9015919
                 11.5581                      -10.085983
                  11.573                      -10.274788
                 11.5879                      -10.468355
                 11.6028                      -10.667111
                 11.6177                      -10.871539
                 11.6326                      -11.082148
                 11.6475                      -11.299448
                 11.6624                      -11.523908
                 11.6773                      -11.755927
                 11.6922                      -11.995814
                 11.7071                      -12.243765
                  11.722                      -12.499852
                 11.7369                      -12.764029
                 11.7518                      -13.036138
                 11.7667                      -13.315944
                 11.7816                      -13.603163
                 11.7965                      -13.897517
                 11.8114                      -14.198782
                 11.8263                       -14.50685
                 11.8412                      -14.821778
                 11.8561                      -15.143836
                  11.871                      -15.473543
                 11.8859                      -15.811677
                 11.9008                      -16.159277
                 11.9157                       -16.51761
                 11.9306                      -16.888128
                 11.9455                      -17.272408
                 11.9604                      -17.672062
                 11.9753                      -18.088661
                 11.9902                      -18.523634
                 12.0051                      -18.978179
                   12.02                      -19.453163
                 12.0349                       -19.94904
                 12.0498                      -20.465765
                 12.0647                      -21.002717
                 12.0796                      -21.558638
                 12.0945                      -22.131559
                 12.1094                      -22.718741
                 12.1243                      -23.316587
                 12.1392                      -23.920503
                 12.1541                      -24.524671
                  12.169                      -25.121678
                 12.1839                      -25.701953
                 12.1988                      -26.253034
                 12.2137                      -26.758803
                 12.2286                      -27.199052
                 12.2435                      -27.550065
                 12.2584                      -27.786973
                 12.2733                      -27.888211
                 12.2882                      -27.841126
                 12.3031                      -27.646375
                  12.318                      -27.318627
                 12.3329                      -26.883053
                 12.3478                      -26.369489
                 12.3627                      -25.806992
                 12.3776                      -25.220375
                 12.3925                      -24.628857
                 12.4074                      -24.046161
                 12.4223                      -23.481314
                 12.4372                      -22.939629
                 12.4521                      -22.423618
                  12.467                      -21.933762
                 12.4819                       -21.46911
                 12.4968                      -21.027758
                 12.5117                      -20.607224
                 12.5266                      -20.204758
                 12.5415                      -19.817594
                 12.5564                      -19.443159
                 12.5713                      -19.079232
                 12.5862                      -18.724054
                 12.6011                      -18.376393
                  12.616                      -18.035545
                 12.6309                      -17.701291
                 12.6458                      -17.373818
                 12.6607                      -17.053605
                 12.6756                      -16.741305
                 12.6905                      -16.437609
                 12.7054                      -16.143151
                 12.7203                      -15.858405
                 12.7352                      -15.583621
                 12.7501                      -15.318792
                  12.765                      -15.063635
                 12.7799                      -14.817615
                 12.7948                      -14.579969
                 12.8097                      -14.349774
                 12.8246                      -14.126003
                 12.8395                      -13.907611
                 12.8544                      -13.693606
                 12.8693                      -13.483125
                 12.8842                      -13.275487
                 12.8991                       -13.07024
                  12.914                      -12.867179
                 12.9289                      -12.666341
                 12.9438                      -12.467979
                 12.9587                      -12.272521
                 12.9736                      -12.080508
                 12.9885                      -11.892532
                 13.0034                       -11.70917
                 13.0183                      -11.530924
                 13.0332                      -11.358172
                 13.0481                      -11.191134
                  13.063                      -11.029848
                 13.0779                       -10.87417
                 13.0928                      -10.723778
                 13.1077                      -10.578212
                 13.1226                      -10.436898
                 13.1375                      -10.299201
                 13.1524                       -10.16448
                 13.1673                      -10.032138
                 13.1822                      -9.9016674
                 13.1971                      -9.7726974
                  13.212                      -9.6450131
                 13.2269                      -9.5185748
                 13.2418                      -9.3935092
                 13.2567                      -9.2700945
                 13.2716                      -9.1487252
                 13.2865                      -9.0298727
                 13.3014                      -8.9140362
                 13.3163                      -8.8016976
                 13.3312                      -8.6932731
                 13.3461                      -8.5890786
                  13.361                      -8.4892999
                 13.3759                      -8.3939801
                 13.3908                      -8.3030104
                 13.4057                      -8.2161426
                 13.4206                      -8.1330095
                 13.4355                      -8.0531546
                 13.4504                      -7.9760683
                 13.4653                      -7.9012351
                 13.4802                      -7.8281723
                 13.4951                      -7.7564722
                   13.51                      -7.6858388
                 13.5249                      -7.6161049
                 13.5398                      -7.5472483
                 13.5547                      -7.4793908
                 13.5696                      -7.4127763
                 13.5845                        -7.34775
                 13.5994                      -7.2847223
                 13.6143                      -7.2241258
                 13.6292                      -7.1663737
                 13.6441                      -7.1118209
                  13.659                      -7.0607292
                 13.6739                      -7.0132399
                 13.6888                      -6.9693616
                 13.7037                      -6.9289636
                 13.7186                      -6.8917844
                 13.7335                       -6.857452
                 13.7484                      -6.8255117
                 13.7633                      -6.7954634
                 13.7782                      -6.7668052
                 13.7931                       -6.739075
                  13.808                      -6.7118897
                 13.8229                      -6.6849824
                 13.8378                      -6.6582244
                 13.8527                      -6.6316355
                 13.8676                      -6.6053842
                 13.8825                      -6.5797717
                 13.8974                      -6.5552024
                 13.9123                      -6.5321487
                 13.9272                      -6.5111073
                 13.9421                      -6.4925556
                  13.957                      -6.4769073
                 13.9719                      -6.4644807
                 13.9868                      -6.4554634
                 14.0017                      -6.4499022
                 14.0166                      -6.4476915
                 14.0315                      -6.4485875
                 14.0464                      -6.4522221
                 14.0613                      -6.4581375
                 14.0762                      -6.4658229
                 14.0911                      -6.4747622
                  14.106                      -6.4844796
                 14.1209                      -6.4945822
                 14.1358                      -6.5048032
                 14.1507                      -6.5150233
                 14.1656                      -6.5252876
                 14.1805                      -6.5358052
                 14.1954                      -6.5469303
                 14.2103                      -6.5591319
                 14.2252                      -6.5729537
                 14.2401                      -6.5889685
                  14.255                      -6.6077214
                 14.2699                      -6.6296862
                 14.2848                      -6.6552215
                 14.2997                      -6.6845368
                 14.3146                      -6.7176721
                 14.3295                      -6.7544869
                 14.3444                      -6.7946683
                 14.3593                       -6.837757
                 14.3742                      -6.8831746
                 14.3891                      -6.9302745
                  14.404                      -6.9783962
                 14.4189                      -7.0269204
                 14.4338                      -7.0753262
                 14.4487                      -7.1232425
                 14.4636                      -7.1704798
                 14.4785                       -7.217057
                 14.4934                      -7.2631941
                 14.5083                      -7.3093021
                 14.5232                      -7.3559382
                 14.5381                      -7.4037597
                  14.553                      -7.4534601
                 14.5679                      -7.5057049
                 14.5828                      -7.5610644
                 14.5977                      -7.6199652
                 14.6126                      -7.6826362
                 14.6275                      -7.7490806
                 14.6424                      -7.8190697
                 14.6573                      -7.8921403
                 14.6722                      -7.9676298
                 14.6871                      -8.0447148
                  14.702                      -8.1224799
                 14.7169                      -8.1999904
                 14.7318                      -8.2763678
                 14.7467                      -8.3508808
                 14.7616                      -8.4230048
                 14.7765                       -8.492481
                 14.7914                       -8.559346
                 14.8063                      -8.6239265
                 14.8212                      -8.6868132
                 14.8361                      -8.7488058
                  14.851                      -8.8108348
                 14.8659                      -8.8738722
                 14.8808                      -8.9388373
                 14.8957                      -9.0065089
                 14.9106                      -9.0774431
                 14.9255                      -9.1519146
                 14.9404                      -9.2298771
                 14.9553                        -9.31095
                 14.9702                      -9.3944355
                 14.9851                      -9.4793547
                      15                       -9.564529

