        Frequency / GHz                S1,1/abs,dB
----------------------------------------------------------------------
                     0.1                      -0.0910319
                  0.1149                    -0.089789951
              0.12980001                    -0.088404122
              0.14470001                     -0.08688633
                  0.1596                    -0.085248555
                  0.1745                    -0.083505243
                  0.1894                    -0.081670608
                  0.2043                    -0.079759023
                  0.2192                    -0.077788597
                  0.2341                    -0.075775881
                   0.249                    -0.073740362
              0.26390001                    -0.071700499
              0.27880001                    -0.069676437
              0.29370001                    -0.067689583
              0.30860001                     -0.06576012
              0.32350001                    -0.063910271
              0.33840001                    -0.062162603
              0.35330001                    -0.060538564
                  0.3682                    -0.059062338
                  0.3831                    -0.057756323
                   0.398                    -0.056643166
                  0.4129                    -0.055746217
                  0.4278                    -0.055088608
                  0.4427                    -0.054694115
                  0.4576                    -0.054584502
                  0.4725                    -0.054781835
                  0.4874                    -0.055309926
              0.50230002                    -0.056188573
              0.51719999                    -0.057441102
              0.53210002                    -0.059086752
              0.54699999                    -0.061144969
              0.56190002                    -0.063637369
              0.57679999                    -0.066580809
              0.59170002                    -0.069993857
              0.60659999                    -0.073893588
              0.62150002                    -0.078296884
              0.63639998                    -0.083217835
              0.65130001                    -0.088671632
              0.66619998                    -0.094671096
              0.68110001                     -0.10122871
              0.69599998                     -0.10835621
              0.71090001                     -0.11606309
              0.72579998                     -0.12435965
              0.74070001                     -0.13325259
              0.75559998                     -0.14275009
                  0.7705                     -0.15285685
              0.78539997                     -0.16357869
                  0.8003                     -0.17491932
              0.81519997                     -0.18688022
                  0.8301                     -0.19946454
              0.84500003                     -0.21267131
                  0.8599                     -0.22650199
              0.87480003                     -0.24095361
                  0.8897                     -0.25602424
              0.90460002                     -0.27171172
              0.91949999                     -0.28801135
              0.93440002                     -0.30491852
              0.94929999                     -0.32242853
              0.96420002                     -0.34053476
              0.97909999                     -0.35923048
              0.99400002                     -0.37851095
                  1.0089                     -0.39836665
                  1.0238                     -0.41879206
                  1.0387                      -0.4397781
                  1.0536                     -0.46131814
                  1.0685                     -0.48340459
                  1.0834                     -0.50602956
                  1.0983                     -0.52918732
               1.1131999                     -0.55286895
                  1.1281                     -0.57707107
                   1.143                     -0.60178689
                  1.1579                     -0.62701091
               1.1727999                     -0.65274129
                  1.1877                      -0.6789742
                  1.2026                     -0.70570706
                  1.2175                     -0.73294212
               1.2323999                      -0.7606782
                  1.2473                     -0.78891839
                  1.2622                     -0.81766812
                  1.2771                     -0.84693059
               1.2920001                     -0.87671523
                  1.3069                     -0.90703132
                  1.3218                     -0.93788973
                  1.3367                     -0.96930481
               1.3516001                      -1.0012909
                  1.3665                      -1.0338674
                  1.3814                      -1.0670529
                  1.3963                      -1.1008696
                  1.4112                      -1.1353432
                  1.4261                      -1.1704991
                   1.441                      -1.2063674
                  1.4559                      -1.2429794
                  1.4708                      -1.2803684
                  1.4857                      -1.3185713
                  1.5006                      -1.3576252
               1.5154999                      -1.3975721
                  1.5304                      -1.4384528
                  1.5453                      -1.4803142
                  1.5602                      -1.5232012
               1.5750999                      -1.5671634
                    1.59                      -1.6122532
                  1.6049                      -1.6585203
                  1.6198                      -1.7060204
               1.6346999                      -1.7548095
                  1.6496                      -1.8049453
                  1.6645                      -1.8564854
                  1.6794                      -1.9094904
               1.6943001                      -1.9640227
                  1.7092                      -2.0201442
                  1.7241                      -2.0779167
                   1.739                      -2.1374047
               1.7539001                      -2.1986739
                  1.7688                      -2.2617893
                  1.7837                      -2.3268167
                  1.7986                      -2.3938214
                  1.8135                        -2.46287
                  1.8284                      -2.5340277
                  1.8433                      -2.6073619
                  1.8582                      -2.6829369
                  1.8731                      -2.7608178
                   1.888                      -2.8410699
                  1.9029                      -2.9237561
               1.9177999                      -3.0089395
                  1.9327                      -3.0966799
                  1.9476                       -3.187039
                  1.9625                      -3.2800754
               1.9773999                      -3.3758438
                  1.9923                      -3.4743994
                  2.0072                      -3.5757941
                  2.0221                      -3.6800777
               2.0369999                      -3.7872954
               2.0518999                      -3.8974902
               2.0668001                      -4.0107018
               2.0817001                      -4.1269637
               2.0966001                      -4.2463072
                  2.1115                      -4.3687577
                  2.1264                      -4.4943325
                  2.1413                      -4.6230472
               2.1561999                       -4.754904
               2.1710999                      -4.8899034
               2.1860001                      -5.0280338
               2.2009001                      -5.1692761
                  2.2158                      -5.3135978
                  2.2307                      -5.4609589
                  2.2456                      -5.6113028
                  2.2605                       -5.764561
               2.2753999                      -5.9206503
               2.2902999                      -6.0794705
               2.3052001                      -6.2409025
               2.3201001                      -6.4048084
                   2.335                      -6.5710286
                  2.3499                      -6.7393814
                  2.3648                      -6.9096612
               2.3796999                      -7.0816345
               2.3945999                      -7.2550437
               2.4094999                      -7.4295992
               2.4244001                      -7.6049821
               2.4393001                      -7.7808456
                  2.4542                      -7.9568068
                  2.4691                      -8.1324573
                   2.484                      -8.3073529
               2.4988999                      -8.4810214
               2.5137999                      -8.6529671
               2.5287001                      -8.8226622
               2.5436001                      -8.9895665
               2.5585001                      -9.1531196
                  2.5734                      -9.3127535
                  2.5883                      -9.4678995
                  2.6032                      -9.6179955
               2.6180999                      -9.7624936
               2.6329999                      -9.9008764
               2.6479001                       -10.03266
               2.6628001                      -10.157408
                  2.6777                      -10.274745
                  2.6926                       -10.38436
                  2.7075                      -10.486021
                  2.7224                      -10.579574
               2.7372999                      -10.664957
               2.7521999                      -10.742199
               2.7671001                      -10.811417
               2.7820001                      -10.872817
                  2.7969                      -10.926692
                  2.8118                      -10.973412
                  2.8267                      -11.013419
               2.8415999                      -11.047215
               2.8564999                      -11.075356
               2.8714001                      -11.098436
               2.8863001                       -11.11708
               2.9012001                      -11.131937
                  2.9161                      -11.143661
                   2.931                      -11.152913
                  2.9459                      -11.160344
               2.9607999                      -11.166597
               2.9756999                      -11.172296
               2.9906001                      -11.178041
               3.0055001                      -11.184409
                  3.0204                      -11.191948
                  3.0353                      -11.201178
                  3.0502                       -11.21259
                  3.0651                      -11.226644
               3.0799999                      -11.243769
               3.0948999                      -11.264368
               3.1098001                      -11.288812
               3.1247001                       -11.31745
                  3.1396                      -11.350603
                  3.1545                      -11.388566
                  3.1694                      -11.431615
               3.1842999                      -11.480002
               3.1991999                      -11.533958
               3.2140999                      -11.593697
               3.2290001                      -11.659409
               3.2439001                      -11.731275
                  3.2588                      -11.809449
                  3.2737                      -11.894072
                  3.2886                      -11.985267
               3.3034999                      -12.083138
               3.3183999                      -12.187769
               3.3333001                      -12.299223
               3.3482001                      -12.417542
               3.3631001                      -12.542743
                   3.378                       -12.67481
                  3.3929                      -12.813699
                  3.4078                      -12.959331
               3.4226999                      -13.111579
               3.4375999                      -13.270271
               3.4525001                      -13.435178
               3.4674001                      -13.606007
                  3.4823                      -13.782387
                  3.4972                      -13.963863
                  3.5121                      -14.149882
                   3.527                       -14.33978
               3.5418999                      -14.532764
               3.5567999                      -14.727907
               3.5717001                      -14.924125
               3.5866001                      -15.120173
                  3.6015                      -15.314632
                  3.6164                      -15.505903
                  3.6313                      -15.692216
               3.6461999                       -15.87164
               3.6610999                      -16.042105
               3.6760001                      -16.201441
               3.6909001                      -16.347433
               3.7058001                      -16.477883
                  3.7207                      -16.590698
                  3.7356                      -16.683968
                  3.7505                      -16.756074
               3.7653999                      -16.805756
               3.7802999                      -16.832199
               3.7952001                      -16.835071
               3.8101001                      -16.814552
                   3.825                      -16.771318
                  3.8399                        -16.7065
                  3.8548                      -16.621621
                  3.8697                      -16.518514
               3.8845999                      -16.399231
               3.8994999                      -16.265946
               3.9144001                      -16.120882
               3.9293001                      -15.966233
                  3.9442                      -15.804107
                  3.9591                      -15.636487
                   3.974                      -15.465199
               3.9888999                      -15.291902
               4.0037999                      -15.118077
               4.0187001                      -14.945033
               4.0335999                      -14.773912
               4.0485001                      -14.605703
               4.0633998                      -14.441251
                  4.0783                      -14.281277
               4.0932002                      -14.126388
               4.1080999                      -13.977089
               4.1230001                      -13.833803
               4.1378999                      -13.696874
               4.1528001                      -13.566585
               4.1676998                      -13.443164
                  4.1826                       -13.32679
               4.1975002                      -13.217608
                  4.2124                      -13.115725
               4.2273002                      -13.021226
               4.2421999                      -12.934171
               4.2571001                        -12.8546
               4.2719998                      -12.782542
                  4.2869                      -12.718011
               4.3017998                      -12.661014
                  4.3167                      -12.611549
               4.3316002                      -12.569613
               4.3464999                      -12.535191
               4.3614001                      -12.508272
               4.3762999                      -12.488844
               4.3912001                      -12.476889
               4.4060998                      -12.472395
                   4.421                      -12.475349
               4.4359002                      -12.485738
               4.4507999                      -12.503555
               4.4657001                      -12.528792
               4.4805999                      -12.561445
               4.4955001                      -12.601513
               4.5103998                      -12.649001
                  4.5253                      -12.703916
               4.5402002                      -12.766266
                  4.5551                      -12.836068
               4.5700002                      -12.913342
               4.5848999                       -12.99811
               4.5998001                      -13.090402
               4.6146998                       -13.19025
                  4.6296                      -13.297692
               4.6444998                      -13.412772
                  4.6594                      -13.535537
               4.6743002                      -13.666041
               4.6891999                      -13.804343
               4.7041001                      -13.950506
               4.7189999                        -14.1046
               4.7339001                        -14.2667
               4.7487998                      -14.436885
                  4.7637                      -14.615244
               4.7786002                      -14.801867
               4.7934999                      -14.996851
               4.8084002                        -15.2003
               4.8232999                      -15.412322
               4.8382001                      -15.633034
               4.8530998                      -15.862553
                   4.868                      -16.101006
               4.8829002                      -16.348521
                  4.8978                      -16.605234
               4.9127002                      -16.871284
               4.9275999                      -17.146813
               4.9425001                      -17.431968
               4.9573998                      -17.726895
               4.9723001                      -18.031743
               4.9871998                       -18.34666
                  5.0021                      -18.671791
               5.0170002                      -19.007279
               5.0318999                      -19.353257
               5.0468001                       -19.70985
               5.0616999                      -20.077168
               5.0766001                      -20.455306
               5.0914998                      -20.844328
                  5.1064                      -21.244277
               5.1213002                      -21.655151
                  5.1362                      -22.076906
               5.1511002                      -22.509436
               5.1659999                      -22.952569
               5.1809001                      -23.406047
               5.1957998                      -23.869511
                  5.2107                      -24.342484
               5.2255998                      -24.824349
                  5.2405                      -25.314325
               5.2554002                       -25.81145
               5.2702999                      -26.314545
               5.2852001                      -26.822202
               5.3000998                      -27.332754
               5.3150001                      -27.844259
               5.3298998                      -28.354492
                  5.3448                       -28.86094
               5.3597002                       -29.36081
               5.3745999                      -29.851056
               5.3895001                      -30.328407
               5.4043999                      -30.789417
               5.4193001                      -31.230516
               5.4341998                      -31.648054
                  5.4491                      -32.038343
               5.4640002                      -32.397668
                  5.4789                       -32.72228
               5.4938002                      -33.008368
               5.5086999                      -33.252013
               5.5236001                      -33.449172
               5.5384998                      -33.595701
                  5.5534                      -33.687473
               5.5682998                        -33.7206
                  5.5832                      -33.691768
               5.5981002                      -33.598658
               5.6129999                       -33.44035
               5.6279001                      -33.217657
               5.6427999                      -32.933259
               5.6577001                       -32.59162
               5.6725998                      -32.198686
                  5.6875                      -31.761432
               5.7024002                      -31.287338
               5.7172999                      -30.783919
               5.7322001                      -30.258325
               5.7470999                      -29.717078
               5.7620001                       -29.16592
               5.7768998                      -28.609752
                  5.7918                      -28.052665
               5.8067002                       -27.49799
                  5.8216                      -26.948386
               5.8365002                      -26.405939
               5.8513999                      -25.872245
               5.8663001                      -25.348501
               5.8811998                      -24.835573
                  5.8961                      -24.334066
               5.9109998                      -23.844371
                  5.9259                      -23.366712
               5.9408002                      -22.901185
               5.9556999                      -22.447782
               5.9706001                      -22.006414
               5.9854999                      -21.576937
               6.0004001                       -21.15916
               6.0152998                       -20.75286
                  6.0302                      -20.357788
               6.0451002                      -19.973684
               6.0599999                      -19.600273
               6.0749002                       -19.23728
               6.0897999                      -18.884421
               6.1047001                       -18.54142
               6.1195998                      -18.207998
                  6.1345                      -17.883883
               6.1494002                       -17.56881
                  6.1643                       -17.26252
               6.1792002                      -16.964758
               6.1940999                      -16.675279
               6.2090001                      -16.393847
               6.2238998                       -16.12023
                  6.2388                      -15.854209
               6.2536998                      -15.595568
                  6.2686                      -15.344102
               6.2835002                      -15.099612
               6.2983999                      -14.861907
               6.3133001                      -14.630805
               6.3281999                      -14.406129
               6.3431001                      -14.187708
               6.3579998                       -13.97538
                  6.3729                      -13.768989
               6.3878002                      -13.568386
               6.4026999                      -13.373425
               6.4176002                      -13.183969
               6.4324999                      -12.999886
               6.4474001                      -12.821047
               6.4622998                      -12.647334
                  6.4772                      -12.478626
               6.4920998                      -12.314815
                   6.507                      -12.155795
               6.5219002                       -12.00146
               6.5367999                      -11.851713
               6.5517001                      -11.706464
               6.5665998                       -11.56562
               6.5815001                      -11.429098
               6.5963998                      -11.296817
                  6.6113                      -11.168698
               6.6262002                      -11.044669
               6.6410999                      -10.924659
               6.6560001                      -10.808602
               6.6708999                      -10.696435
               6.6858001                      -10.588097
               6.7006998                      -10.483531
                  6.7156                      -10.382684
               6.7305002                      -10.285506
                  6.7454                       -10.19195
               6.7603002                      -10.101968
               6.7751999                       -10.01552
               6.7901001                      -9.9325656
               6.8049998                      -9.8530687
                  6.8199                      -9.7769932
               6.8347998                      -9.7043099
                  6.8497                      -9.6349869
               6.8646002                       -9.568997
               6.8794999                      -9.5063165
               6.8944001                      -9.4469211
               6.9092999                      -9.3907898
               6.9242001                       -9.337905
               6.9390998                       -9.288249
                   6.954                      -9.2418062
               6.9689002                      -9.1985652
               6.9837999                      -9.1585136
               6.9987001                      -9.1216409
               7.0135999                      -9.0879409
               7.0285001                      -9.0574061
               7.0433998                      -9.0300322
                  7.0583                      -9.0058151
               7.0732002                      -8.9847535
                  7.0881                      -8.9668469
               7.1030002                      -8.9520957
               7.1178999                      -8.9405028
               7.1328001                      -8.9320709
               7.1476998                      -8.9268048
                  7.1626                      -8.9247094
               7.1774998                      -8.9257933
                  7.1924                      -8.9300627
               7.2073002                       -8.937528
               7.2221999                      -8.9481972
               7.2371001                      -8.9620826
               7.2519999                      -8.9791949
               7.2669001                      -8.9995479
               7.2817998                      -9.0231541
                  7.2967                      -9.0500278
               7.3116002                      -9.0801841
               7.3264999                      -9.1136388
               7.3414001                       -9.150408
               7.3562999                      -9.1905103
               7.3712001                      -9.2339598
               7.3860998                      -9.2807793
                   7.401                      -9.3309843
               7.4159002                      -9.3845961
                  7.4308                      -9.4416326
               7.4457002                      -9.5021171
               7.4605999                      -9.5660682
               7.4755001                      -9.6335093
               7.4903998                      -9.7044598
                  7.5053                      -9.7789445
               7.5201998                      -9.8569834
                  7.5351                      -9.9386013
               7.5500002                      -10.023822
               7.5648999                      -10.112667
               7.5798001                      -10.205161
               7.5946999                      -10.301328
               7.6096001                      -10.401193
               7.6244998                      -10.504779
                  7.6394                      -10.612111
               7.6543002                      -10.723215
               7.6691999                      -10.838114
               7.6841002                      -10.956834
               7.6989999                      -11.079397
               7.7139001                      -11.205831
               7.7287998                      -11.336159
                  7.7437                      -11.470405
               7.7586002                      -11.608592
                  7.7735                      -11.750745
               7.7884002                      -11.896885
               7.8032999                      -12.047037
               7.8182001                      -12.201221
               7.8330998                      -12.359458
                   7.848                      -12.521768
               7.8628998                      -12.688169
                  7.8778                      -12.858678
               7.8927002                      -13.033312
               7.9075999                      -13.212083
               7.9225001                      -13.395002
               7.9373999                      -13.582078
               7.9523001                      -13.773318
               7.9671998                      -13.968723
                  7.9821                      -14.168288
               7.9970002                       -14.37201
               8.0118999                      -14.579875
               8.0268002                      -14.791864
               8.0417004                       -15.00795
               8.0565996                        -15.2281
               8.0714998                      -15.452267
                  8.0864                      -15.680396
               8.1013002                      -15.912416
               8.1162004                      -16.148245
               8.1310997                      -16.387777
               8.1459999                      -16.630892
               8.1609001                      -16.877442
               8.1758003                      -17.127255
               8.1906996                      -17.380125
               8.2055998                      -17.635813
                  8.2205                       -17.89404
               8.2354002                      -18.154479
               8.2503004                      -18.416752
               8.2651997                      -18.680423
               8.2800999                      -18.944988
               8.2950001                      -19.209871
               8.3099003                      -19.474416
               8.3247995                      -19.737876
               8.3396997                       -19.99941
                  8.3546                      -20.258077
               8.3695002                      -20.512827
               8.3844004                      -20.762502
               8.3992996                      -21.005841
               8.4141998                       -21.24148
                  8.4291                      -21.467964
               8.4440002                      -21.683769
               8.4589005                      -21.887324
               8.4737997                      -22.077041
               8.4886999                       -22.25136
               8.5036001                      -22.408788
               8.5185003                      -22.547954
               8.5333996                      -22.667657
               8.5482998                       -22.76692
                  8.5632                      -22.845027
               8.5781002                      -22.901559
               8.5930004                      -22.936417
               8.6078997                      -22.949823
               8.6227999                      -22.942312
               8.6377001                      -22.914711
               8.6526003                      -22.868094
               8.6674995                      -22.803747
               8.6823997                      -22.723111
                  8.6973                      -22.627733
               8.7122002                      -22.519216
               8.7271004                      -22.399179
               8.7419996                      -22.269215
               8.7568998                      -22.130863
                  8.7718                      -21.985587
               8.7867002                      -21.834756
               8.8016005                      -21.679641
               8.8164997                      -21.521405
               8.8313999                      -21.361101
               8.8463001                      -21.199687
               8.8612003                      -21.038016
               8.8760996                       -20.87685
               8.8909998                      -20.716868
                  8.9059                       -20.55867
               8.9208002                      -20.402789
               8.9357004                      -20.249694
               8.9505997                      -20.099798
               8.9654999                       -19.95347
               8.9804001                      -19.811031
               8.9953003                      -19.672769
               9.0101995                      -19.538939
               9.0250998                      -19.409767
                    9.04                      -19.285458
               9.0549002                      -19.166194
               9.0698004                      -19.052142
               9.0846996                      -18.943451
               9.0995998                      -18.840265
                  9.1145                      -18.742708
               9.1294003                      -18.650903
               9.1443005                      -18.564964
               9.1591997                         -18.485
               9.1740999                      -18.411114
               9.1890001                      -18.343408
               9.2039003                      -18.281983
               9.2187996                      -18.226936
               9.2336998                      -18.178364
                  9.2486                      -18.136367
               9.2635002                      -18.101041
               9.2784004                      -18.072489
               9.2932997                      -18.050811
               9.3081999                      -18.036111
               9.3231001                      -18.028497
               9.3380003                      -18.028077
               9.3528996                      -18.034962
               9.3677998                      -18.049271
                  9.3827                       -18.07112
               9.3976002                      -18.100631
               9.4125004                      -18.137929
               9.4273996                      -18.183141
               9.4422998                      -18.236396
               9.4572001                      -18.297826
               9.4721003                       -18.36756
               9.4870005                       -18.44573
               9.5018997                      -18.532463
               9.5167999                      -18.627884
               9.5317001                      -18.732105
               9.5466003                      -18.845231
               9.5614996                       -18.96735
               9.5763998                       -19.09853
                  9.5913                      -19.238808
               9.6062002                      -19.388183
               9.6211004                      -19.546605
               9.6359997                      -19.713962
               9.6508999                      -19.890063
               9.6658001                      -20.074613
               9.6807003                      -20.267192
               9.6955996                      -20.467227
               9.7104998                      -20.673947
                  9.7254                      -20.886348
               9.7403002                      -21.103145
               9.7552004                      -21.322718
               9.7700996                      -21.543054
               9.7849998                      -21.761696
               9.7999001                      -21.975695
               9.8148003                      -22.181578
               9.8297005                      -22.375351
               9.8445997                      -22.552539
               9.8594999                      -22.708298
               9.8744001                      -22.837584
               9.8893003                      -22.935412
               9.9041996                      -22.997178
               9.9190998                      -23.019007
                   9.934                      -22.998106
               9.9489002                      -22.933025
               9.9638004                       -22.82381
               9.9786997                      -22.671997
               9.9935999                      -22.480446
                 10.0085                      -22.253068
                 10.0234                      -21.994474
                 10.0383                      -21.709625
                 10.0532                      -21.403512
                 10.0681                      -21.080912
                  10.083                      -20.746219
                 10.0979                      -20.403338
                 10.1128                      -20.055651
                 10.1277                       -19.70602
                 10.1426                      -19.356817
                 10.1575                      -19.009972
                 10.1724                      -18.667032
                 10.1873                       -18.32921
                 10.2022                      -17.997442
                 10.2171                      -17.672433
                  10.232                        -17.3547
                 10.2469                      -17.044603
                 10.2618                      -16.742378
                 10.2767                      -16.448164
                 10.2916                      -16.162021
                 10.3065                      -15.883945
                 10.3214                      -15.613886
                 10.3363                      -15.351754
                 10.3512                      -15.097432
                 10.3661                      -14.850781
                  10.381                      -14.611648
                 10.3959                      -14.379866
                 10.4108                      -14.155263
                 10.4257                      -13.937658
                 10.4406                      -13.726874
                 10.4555                      -13.522726
                 10.4704                      -13.325036
                 10.4853                      -13.133621
                 10.5002                      -12.948306
                 10.5151                      -12.768915
                   10.53                      -12.595277
                 10.5449                      -12.427225
                 10.5598                      -12.264593
                 10.5747                      -12.107223
                 10.5896                      -11.954958
                 10.6045                      -11.807646
                 10.6194                       -11.66514
                 10.6343                      -11.527293
                 10.6492                      -11.393967
                 10.6641                      -11.265027
                  10.679                      -11.140336
                 10.6939                      -11.019769
                 10.7088                        -10.9032
                 10.7237                      -10.790507
                 10.7386                      -10.681573
                 10.7535                      -10.576282
                 10.7684                      -10.474524
                 10.7833                      -10.376191
                 10.7982                      -10.281179
                 10.8131                      -10.189388
                  10.828                       -10.10072
                 10.8429                      -10.015081
                 10.8578                      -9.9323804
                 10.8727                      -9.8525299
                 10.8876                      -9.7754468
                 10.9025                      -9.7010499
                 10.9174                       -9.629262
                 10.9323                      -9.5600097
                 10.9472                      -9.4932218
                 10.9621                      -9.4288331
                  10.977                      -9.3667782
                 10.9919                      -9.3070002
                 11.0068                      -9.2494399
                 11.0217                      -9.1940475
                 11.0366                       -9.140772
                 11.0515                      -9.0895689
                 11.0664                      -9.0403981
                 11.0813                       -8.993219
                 11.0962                          -8.948
                 11.1111                      -8.9047098
                  11.126                      -8.8633223
                 11.1409                      -8.8238135
                 11.1558                      -8.7861648
                 11.1707                      -8.7503611
                 11.1856                        -8.71639
                 11.2005                      -8.6842446
                 11.2154                      -8.6539177
                 11.2303                      -8.6254105
                 11.2452                       -8.598726
                 11.2601                      -8.5738679
                  11.275                      -8.5508466
                 11.2899                      -8.5296744
                 11.3048                      -8.5103667
                 11.3197                      -8.4929432
                 11.3346                      -8.4774263
                 11.3495                      -8.4638382
                 11.3644                      -8.4522099
                 11.3793                      -8.4425694
                 11.3942                       -8.434951
                 11.4091                      -8.4293898
                  11.424                       -8.425924
                 11.4389                      -8.4245944
                 11.4538                      -8.4254444
                 11.4687                      -8.4285179
                 11.4836                      -8.4338624
                 11.4985                       -8.441527
                 11.5134                      -8.4515619
                 11.5283                      -8.4640211
                 11.5432                      -8.4789575
                 11.5581                      -8.4964292
                  11.573                      -8.5164927
                 11.5879                      -8.5392093
                 11.6028                      -8.5646387
                 11.6177                      -8.5928427
                 11.6326                      -8.6238857
                 11.6475                      -8.6578327
                 11.6624                      -8.6947521
                 11.6773                      -8.7347106
                 11.6922                      -8.7777781
                 11.7071                      -8.8240256
                  11.722                      -8.8735254
                 11.7369                      -8.9263511
                 11.7518                      -8.9825779
                 11.7667                      -9.0422821
                 11.7816                       -9.105543
                 11.7965                      -9.1724379
                 11.8114                       -9.243052
                 11.8263                       -9.317466
                 11.8412                      -9.3957655
                 11.8561                      -9.4780363
                  11.871                      -9.5643686
                 11.8859                      -9.6548532
                 11.9008                      -9.7495814
                 11.9157                       -9.848652
                 11.9306                      -9.9521583
                 11.9455                      -10.060205
                 11.9604                      -10.172892
                 11.9753                      -10.290326
                 11.9902                      -10.412616
                 12.0051                      -10.539872
                   12.02                      -10.672212
                 12.0349                      -10.809751
                 12.0498                      -10.952613
                 12.0647                      -11.100921
                 12.0796                      -11.254806
                 12.0945                      -11.414398
                 12.1094                      -11.579835
                 12.1243                      -11.751255
                 12.1392                      -11.928804
                 12.1541                      -12.112626
                  12.169                      -12.302872
                 12.1839                      -12.499696
                 12.1988                      -12.703251
                 12.2137                      -12.913696
                 12.2286                      -13.131187
                 12.2435                      -13.355883
                 12.2584                      -13.587938
                 12.2733                      -13.827504
                 12.2882                      -14.074728
                 12.3031                      -14.329742
                  12.318                       -14.59267
                 12.3329                      -14.863615
                 12.3478                      -15.142655
                 12.3627                      -15.429835
                 12.3776                      -15.725159
                 12.3925                      -16.028573
                 12.4074                      -16.339959
                 12.4223                      -16.659106
                 12.4372                      -16.985694
                 12.4521                       -17.31927
                  12.467                      -17.659214
                 12.4819                      -18.004694
                 12.4968                      -18.354639
                 12.5117                      -18.707679
                 12.5266                      -19.062097
                 12.5415                      -19.415778
                 12.5564                      -19.766156
                 12.5713                      -20.110183
                 12.5862                      -20.444303
                 12.6011                      -20.764475
                  12.616                      -21.066234
                 12.6309                      -21.344822
                 12.6458                      -21.595379
                 12.6607                      -21.813222
                 12.6756                      -21.994152
                 12.6905                      -22.134802
                 12.7054                      -22.232936
                 12.7203                      -22.287673
                 12.7352                      -22.299573
                 12.7501                      -22.270586
                  12.765                      -22.203856
                 12.7799                      -22.103432
                 12.7948                      -21.973934
                 12.8097                      -21.820222
                 12.8246                      -21.647118
                 12.8395                      -21.459186
                 12.8544                      -21.260597
                 12.8693                       -21.05504
                 12.8842                      -20.845702
                 12.8991                       -20.63528
                  12.914                      -20.426008
                 12.9289                      -20.219711
                 12.9438                      -20.017857
                 12.9587                      -19.821601
                 12.9736                      -19.631848
                 12.9885                      -19.449281
                 13.0034                      -19.274414
                 13.0183                      -19.107613
                 13.0332                      -18.949133
                 13.0481                      -18.799134
                  13.063                      -18.657704
                 13.0779                      -18.524874
                 13.0928                      -18.400629
                 13.1077                      -18.284919
                 13.1226                      -18.177669
                 13.1375                      -18.078786
                 13.1524                       -17.98816
                 13.1673                      -17.905671
                 13.1822                      -17.831196
                 13.1971                      -17.764605
                  13.212                      -17.705766
                 13.2269                       -17.65455
                 13.2418                      -17.610826
                 13.2567                      -17.574471
                 13.2716                      -17.545357
                 13.2865                      -17.523366
                 13.3014                      -17.508383
                 13.3163                      -17.500297
                 13.3312                         -17.499
                 13.3461                      -17.504392
                  13.361                      -17.516378
                 13.3759                      -17.534865
                 13.3908                       -17.55977
                 13.4057                       -17.59101
                 13.4206                      -17.628511
                 13.4355                      -17.672203
                 13.4504                      -17.722021
                 13.4653                      -17.777903
                 13.4802                      -17.839798
                 13.4951                      -17.907653
                   13.51                      -17.981423
                 13.5249                      -18.061069
                 13.5398                      -18.146552
                 13.5547                      -18.237843
                 13.5696                      -18.334914
                 13.5845                      -18.437739
                 13.5994                        -18.5463
                 13.6143                      -18.660578
                 13.6292                      -18.780556
                 13.6441                      -18.906225
                  13.659                      -19.037571
                 13.6739                      -19.174582
                 13.6888                      -19.317245
                 13.7037                      -19.465545
                 13.7186                      -19.619462
                 13.7335                      -19.778968
                 13.7484                      -19.944032
                 13.7633                      -20.114602
                 13.7782                      -20.290617
                 13.7931                      -20.471994
                  13.808                      -20.658622
                 13.8229                      -20.850361
                 13.8378                      -21.047028
                 13.8527                      -21.248392
                 13.8676                      -21.454165
                 13.8825                       -21.66398
                 13.8974                      -21.877393
                 13.9123                      -22.093847
                 13.9272                      -22.312672
                 13.9421                      -22.533051
                  13.957                      -22.754003
                 13.9719                      -22.974363
                 13.9868                      -23.192755
                 14.0017                       -23.40757
                 14.0166                      -23.616953
                 14.0315                      -23.818797
                 14.0464                      -24.010737
                 14.0613                      -24.190176
                 14.0762                      -24.354322
                 14.0911                       -24.50025
                  14.106                      -24.624999
                 14.1209                      -24.725683
                 14.1358                      -24.799628
                 14.1507                      -24.844524
                 14.1656                      -24.858566
                 14.1805                      -24.840574
                 14.1954                      -24.790085
                 14.2103                      -24.707378
                 14.2252                      -24.593464
                 14.2401                      -24.450006
                  14.255                      -24.279211
                 14.2699                      -24.083685
                 14.2848                      -23.866288
                 14.2997                      -23.629991
                 14.3146                      -23.377756
                 14.3295                      -23.112432
                 14.3444                      -22.836686
                 14.3593                      -22.552959
                 14.3742                      -22.263436
                 14.3891                      -21.970046
                  14.404                      -21.674462
                 14.4189                      -21.378121
                 14.4338                      -21.082237
                 14.4487                       -20.78783
                 14.4636                      -20.495745
                 14.4785                      -20.206674
                 14.4934                       -19.92118
                 14.5083                      -19.639715
                 14.5232                      -19.362632
                 14.5381                       -19.09021
                  14.553                      -18.822656
                 14.5679                      -18.560125
                 14.5828                      -18.302723
                 14.5977                       -18.05052
                 14.6126                      -17.803554
                 14.6275                      -17.561836
                 14.6424                      -17.325359
                 14.6573                      -17.094099
                 14.6722                      -16.868014
                 14.6871                      -16.647059
                  14.702                      -16.431173
                 14.7169                      -16.220295
                 14.7318                      -16.014355
                 14.7467                      -15.813282
                 14.7616                      -15.617002
                 14.7765                      -15.425438
                 14.7914                      -15.238515
                 14.8063                      -15.056155
                 14.8212                      -14.878283
                 14.8361                      -14.704823
                  14.851                      -14.535699
                 14.8659                      -14.370839
                 14.8808                      -14.210173
                 14.8957                      -14.053626
                 14.9106                      -13.901134
                 14.9255                      -13.752627
                 14.9404                      -13.608042
                 14.9553                      -13.467316
                 14.9702                      -13.330389
                 14.9851                        -13.1972
                      15                      -13.067695

