        Frequency / GHz                S1,1/abs,dB
----------------------------------------------------------------------
                     0.1                  -4.1812301e-07
                  0.1149                  -0.00099800781
              0.12980001                   -0.0021318044
              0.14470001                   -0.0033988394
                  0.1596                   -0.0047997625
                  0.1745                   -0.0063316288
                  0.1894                   -0.0079953179
                  0.2043                   -0.0097890667
                  0.2192                    -0.011713527
                  0.2341                    -0.013766696
                   0.249                    -0.015949824
              0.26390001                    -0.018260662
              0.27880001                     -0.02070276
              0.29370001                    -0.023275322
              0.30860001                    -0.025979604
              0.32350001                    -0.028815797
              0.33840001                    -0.031789349
              0.35330001                    -0.034900064
                  0.3682                    -0.038151029
                  0.3831                     -0.04154696
                   0.398                    -0.045090271
                  0.4129                    -0.048785973
                  0.4278                    -0.052639867
                  0.4427                    -0.056656314
                  0.4576                    -0.060841183
                  0.4725                    -0.065201827
                  0.4874                    -0.069744612
              0.50230002                    -0.074476146
              0.51719999                    -0.079406078
              0.53210002                    -0.084541651
              0.54699999                     -0.08989171
              0.56190002                    -0.095464828
              0.57679999                     -0.10127111
              0.59170002                     -0.10731925
              0.60659999                     -0.11362023
              0.62150002                     -0.12018364
              0.63639998                     -0.12701982
              0.65130001                     -0.13413916
              0.66619998                     -0.14155264
              0.68110001                     -0.14927008
              0.69599998                     -0.15730218
              0.71090001                     -0.16565964
              0.72579998                     -0.17435256
              0.74070001                     -0.18339174
              0.75559998                     -0.19278529
                  0.7705                     -0.20254429
              0.78539997                     -0.21267907
                  0.8003                      -0.2231963
              0.81519997                     -0.23410732
                  0.8301                     -0.24541858
              0.84500003                      -0.2571387
                  0.8599                      -0.2692756
              0.87480003                      -0.2818354
                  0.8897                     -0.29482622
              0.90460002                      -0.3082517
              0.91949999                     -0.32211948
              0.93440002                     -0.33643538
              0.94929999                     -0.35120262
              0.96420002                     -0.36642483
              0.97909999                     -0.38210835
              0.99400002                     -0.39825559
                  1.0089                      -0.4148699
                  1.0238                     -0.43195397
                  1.0387                     -0.44951117
                  1.0536                     -0.46754443
                  1.0685                     -0.48605446
                  1.0834                     -0.50504622
                  1.0983                     -0.52452072
               1.1131999                     -0.54448081
                  1.1281                     -0.56492968
                   1.143                     -0.58587089
                  1.1579                     -0.60730662
               1.1727999                     -0.62924224
                  1.1877                     -0.65168282
                  1.2026                     -0.67463182
                  1.2175                     -0.69809701
               1.2323999                     -0.72208495
                  1.2473                     -0.74660345
                  1.2622                     -0.77166135
                  1.2771                     -0.79726943
               1.2920001                     -0.82344002
                  1.3069                     -0.85018533
                  1.3218                     -0.87751891
                  1.3367                     -0.90545873
               1.3516001                     -0.93402189
                  1.3665                     -0.96322604
                  1.3814                     -0.99309497
                  1.3963                      -1.0236498
                  1.4112                      -1.0549163
                  1.4261                      -1.0869209
                   1.441                       -1.119692
                  1.4559                      -1.1532618
                  1.4708                       -1.187661
                  1.4857                      -1.2229265
                  1.5006                      -1.2590949
               1.5154999                      -1.2962031
                  1.5304                      -1.3342951
                  1.5453                       -1.373411
                  1.5602                      -1.4135968
               1.5750999                      -1.4548998
                    1.59                       -1.497366
                  1.6049                      -1.5410498
                  1.6198                          -1.586
               1.6346999                      -1.6322723
                  1.6496                      -1.6799205
                  1.6645                      -1.7290028
                  1.6794                      -1.7795766
               1.6943001                      -1.8317014
                  1.7092                      -1.8854387
                  1.7241                        -1.94085
                   1.739                      -1.9979976
               1.7539001                      -2.0569459
                  1.7688                      -2.1177587
                  1.7837                      -2.1805019
                  1.7986                      -2.2452416
                  1.8135                      -2.3120424
                  1.8284                       -2.380971
                  1.8433                      -2.4520944
                  1.8582                       -2.525478
                  1.8731                      -2.6011897
                   1.888                      -2.6792937
                  1.9029                      -2.7598558
               1.9177999                      -2.8429409
                  1.9327                      -2.9286138
                  1.9476                      -3.0169356
                  1.9625                      -3.1079697
               1.9773999                      -3.2017756
                  1.9923                      -3.2984106
                  2.0072                      -3.3979324
                  2.0221                      -3.5003952
               2.0369999                      -3.6058524
               2.0518999                      -3.7143498
               2.0668001                      -3.8259353
               2.0817001                      -3.9406523
               2.0966001                      -4.0585359
                  2.1115                      -4.1796234
                  2.1264                      -4.3039432
                  2.1413                      -4.4315162
               2.1561999                      -4.5623613
               2.1710999                      -4.6964913
               2.1860001                      -4.8339053
               2.2009001                      -4.9746025
                  2.2158                      -5.1185643
                  2.2307                      -5.2657681
                  2.2456                      -5.4161776
                  2.2605                      -5.5697437
               2.2753999                      -5.7264086
               2.2902999                      -5.8860906
               2.3052001                      -6.0486992
               2.3201001                      -6.2141244
                   2.335                      -6.3822366
                  2.3499                      -6.5528832
                  2.3648                      -6.7258928
               2.3796999                      -6.9010677
               2.3945999                      -7.0781835
               2.4094999                      -7.2569918
               2.4244001                      -7.4372121
               2.4393001                      -7.6185346
                  2.4542                      -7.8006196
                  2.4691                      -7.9830939
                   2.484                      -8.1655564
               2.4988999                      -8.3475679
               2.5137999                      -8.5286633
               2.5287001                      -8.7083478
               2.5436001                      -8.8861006
               2.5585001                      -9.0613795
                  2.5734                      -9.2336237
                  2.5883                      -9.4022616
                  2.6032                      -9.5667189
               2.6180999                      -9.7264259
               2.6329999                      -9.8808243
               2.6479001                      -10.029384
               2.6628001                      -10.171607
                  2.6777                      -10.307042
                  2.6926                      -10.435296
                  2.7075                       -10.55604
                  2.7224                      -10.669024
               2.7372999                      -10.774079
               2.7521999                      -10.871128
               2.7671001                      -10.960182
               2.7820001                      -11.041351
                  2.7969                      -11.114836
                  2.8118                      -11.180922
                  2.8267                      -11.239982
               2.8415999                      -11.292458
               2.8564999                      -11.338864
               2.8714001                      -11.379767
               2.8863001                      -11.415775
               2.9012001                      -11.447533
                  2.9161                      -11.475711
                   2.931                      -11.500987
                  2.9459                      -11.524048
               2.9607999                      -11.545575
               2.9756999                      -11.566237
               2.9906001                      -11.586689
               3.0055001                      -11.607563
                  3.0204                      -11.629468
                  3.0353                      -11.652983
                  3.0502                      -11.678661
                  3.0651                      -11.707023
               3.0799999                       -11.73856
               3.0948999                      -11.773736
               3.1098001                      -11.812982
               3.1247001                      -11.856704
                  3.1396                      -11.905279
                  3.1545                      -11.959058
                  3.1694                      -12.018368
               3.1842999                      -12.083511
               3.1991999                      -12.154766
               3.2140999                      -12.232392
               3.2290001                      -12.316625
               3.2439001                       -12.40768
                  3.2588                      -12.505749
                  3.2737                      -12.611005
                  3.2886                      -12.723595
               3.3034999                      -12.843642
               3.3183999                      -12.971244
               3.3333001                      -13.106465
               3.3482001                      -13.249333
               3.3631001                      -13.399844
                   3.378                       -13.55794
                  3.3929                      -13.723512
                  3.4078                      -13.896387
               3.4226999                      -14.076319
               3.4375999                       -14.26297
               3.4525001                      -14.455901
               3.4674001                      -14.654554
                  3.4823                      -14.858227
                  3.4972                      -15.066058
                  3.5121                      -15.276997
                   3.527                      -15.489789
               3.5418999                      -15.702945
               3.5567999                      -15.914723
               3.5717001                      -16.123123
               3.5866001                      -16.325872
                  3.6015                      -16.520441
                  3.6164                      -16.704079
                  3.6313                      -16.873857
               3.6461999                      -17.026758
               3.6610999                      -17.159782
               3.6760001                      -17.270082
               3.6909001                      -17.355108
               3.7058001                      -17.412768
                  3.7207                      -17.441562
                  3.7356                      -17.440684
                  3.7505                      -17.410093
               3.7653999                      -17.350504
               3.7802999                      -17.263342
               3.7952001                      -17.150641
               3.8101001                      -17.014898
                   3.825                      -16.858931
                  3.8399                      -16.685728
                  3.8548                      -16.498303
                  3.8697                      -16.299596
               3.8845999                      -16.092377
               3.8994999                        -15.8792
               3.9144001                      -15.662363
               3.9293001                      -15.443903
                  3.9442                      -15.225585
                  3.9591                      -15.008933
                   3.974                      -14.795233
               3.9888999                      -14.585567
               4.0037999                      -14.380829
               4.0187001                      -14.181751
               4.0335999                      -13.988928
               4.0485001                      -13.802836
               4.0633998                      -13.623849
                  4.0783                      -13.452256
               4.0932002                      -13.288279
               4.1080999                      -13.132076
               4.1230001                      -12.983763
               4.1378999                      -12.843411
               4.1528001                      -12.711064
               4.1676998                      -12.586735
                  4.1826                      -12.470422
               4.1975002                      -12.362102
                  4.2124                      -12.261742
               4.2273002                      -12.169299
               4.2421999                      -12.084722
               4.2571001                      -12.007957
               4.2719998                      -11.938943
                  4.2869                      -11.877621
               4.3017998                      -11.823929
                  4.3167                      -11.777806
               4.3316002                       -11.73919
               4.3464999                      -11.708025
               4.3614001                      -11.684251
               4.3762999                      -11.667817
               4.3912001                      -11.658666
               4.4060998                      -11.656755
                   4.421                      -11.662035
               4.4359002                      -11.674466
               4.4507999                      -11.694008
               4.4657001                      -11.720627
               4.4805999                       -11.75429
               4.4955001                       -11.79497
               4.5103998                      -11.842644
                  4.5253                      -11.897289
               4.5402002                      -11.958891
                  4.5551                      -12.027433
               4.5700002                      -12.102909
               4.5848999                       -12.18531
               4.5998001                      -12.274634
               4.6146998                      -12.370883
                  4.6296                      -12.474061
               4.6444998                      -12.584173
                  4.6594                      -12.701232
               4.6743002                      -12.825252
               4.6891999                      -12.956249
               4.7041001                      -13.094243
               4.7189999                      -13.239256
               4.7339001                      -13.391314
               4.7487998                      -13.550444
                  4.7637                      -13.716678
               4.7786002                      -13.890048
               4.7934999                      -14.070586
               4.8084002                      -14.258332
               4.8232999                      -14.453319
               4.8382001                      -14.655589
               4.8530998                       -14.86518
                   4.868                      -15.082128
               4.8829002                      -15.306476
                  4.8978                      -15.538261
               4.9127002                      -15.777519
               4.9275999                      -16.024282
               4.9425001                      -16.278582
               4.9573998                      -16.540445
               4.9723001                      -16.809891
               4.9871998                      -17.086932
                  5.0021                      -17.371573
               5.0170002                      -17.663808
               5.0318999                      -17.963617
               5.0468001                      -18.270966
               5.0616999                        -18.5858
               5.0766001                      -18.908047
               5.0914998                      -19.237606
                  5.1064                      -19.574347
               5.1213002                      -19.918107
                  5.1362                      -20.268681
               5.1511002                      -20.625821
               5.1659999                      -20.989222
               5.1809001                      -21.358516
               5.1957998                      -21.733272
                  5.2107                      -22.112972
               5.2255998                      -22.497012
                  5.2405                      -22.884681
               5.2554002                      -23.275159
               5.2702999                      -23.667495
               5.2852001                      -24.060598
               5.3000998                      -24.453226
               5.3150001                      -24.843971
               5.3298998                      -25.231252
                  5.3448                      -25.613304
               5.3597002                      -25.988181
               5.3745999                      -26.353753
               5.3895001                      -26.707722
               5.4043999                      -27.047638
               5.4193001                      -27.370935
               5.4341998                      -27.674963
                  5.4491                      -27.957049
               5.4640002                      -28.214565
                  5.4789                      -28.444991
               5.4938002                         -28.646
               5.5086999                      -28.815544
               5.5236001                      -28.951912
               5.5384998                      -29.053812
                  5.5534                      -29.120408
               5.5682998                      -29.151347
                  5.5832                      -29.146774
               5.5981002                      -29.107305
               5.6129999                      -29.033999
               5.6279001                      -28.928305
               5.6427999                      -28.791993
               5.6577001                      -28.627098
               5.6725998                      -28.435836
                  5.6875                      -28.220546
               5.7024002                      -27.983623
               5.7172999                      -27.727467
               5.7322001                      -27.454436
               5.7470999                      -27.166805
               5.7620001                      -26.866749
               5.7768998                      -26.556305
                  5.7918                      -26.237374
               5.8067002                      -25.911707
                  5.8216                      -25.580901
               5.8365002                      -25.246402
               5.8513999                      -24.909509
               5.8663001                      -24.571379
               5.8811998                       -24.23304
                  5.8961                      -23.895391
               5.9109998                      -23.559221
                  5.9259                      -23.225211
               5.9408002                      -22.893949
               5.9556999                      -22.565935
               5.9706001                      -22.241591
               5.9854999                      -21.921273
               6.0004001                      -21.605275
               6.0152998                      -21.293832
                  6.0302                      -20.987138
               6.0451002                      -20.685339
               6.0599999                      -20.388548
               6.0749002                      -20.096843
               6.0897999                      -19.810277
               6.1047001                      -19.528879
               6.1195998                      -19.252653
                  6.1345                      -18.981591
               6.1494002                      -18.715666
                  6.1643                      -18.454843
               6.1792002                      -18.199069
               6.1940999                      -17.948291
               6.2090001                      -17.702443
               6.2238998                      -17.461455
                  6.2388                      -17.225255
               6.2536998                      -16.993764
                  6.2686                      -16.766903
               6.2835002                      -16.544592
               6.2983999                      -16.326749
               6.3133001                      -16.113292
               6.3281999                       -15.90414
               6.3431001                      -15.699214
               6.3579998                      -15.498435
                  6.3729                      -15.301727
               6.3878002                      -15.109014
               6.4026999                      -14.920225
               6.4176002                      -14.735291
               6.4324999                      -14.554144
               6.4474001                      -14.376721
               6.4622998                       -14.20296
                  6.4772                      -14.032804
               6.4920998                        -13.8662
                   6.507                      -13.703094
               6.5219002                       -13.54344
               6.5367999                      -13.387191
               6.5517001                      -13.234308
               6.5665998                      -13.084748
               6.5815001                       -12.93848
               6.5963998                       -12.79547
                  6.6113                      -12.655687
               6.6262002                      -12.519105
               6.6410999                      -12.385702
               6.6560001                      -12.255456
               6.6708999                      -12.128348
               6.6858001                       -12.00436
               6.7006998                      -11.883482
                  6.7156                      -11.765701
               6.7305002                      -11.651006
                  6.7454                      -11.539394
               6.7603002                      -11.430855
               6.7751999                      -11.325389
               6.7901001                      -11.222992
               6.8049998                      -11.123664
                  6.8199                      -11.027408
               6.8347998                      -10.934225
                  6.8497                      -10.844118
               6.8646002                      -10.757095
               6.8794999                      -10.673157
               6.8944001                      -10.592316
               6.9092999                      -10.514577
               6.9242001                      -10.439949
               6.9390998                      -10.368439
                   6.954                       -10.30006
               6.9689002                      -10.234821
               6.9837999                      -10.172732
               6.9987001                      -10.113802
               7.0135999                      -10.058045
               7.0285001                      -10.005472
               7.0433998                      -9.9560912
                  7.0583                      -9.9099157
               7.0732002                      -9.8669576
                  7.0881                      -9.8272275
               7.1030002                       -9.790737
               7.1178999                      -9.7574957
               7.1328001                      -9.7275154
               7.1476998                      -9.7008041
                  7.1626                      -9.6773757
               7.1774998                      -9.6572359
                  7.1924                      -9.6403957
               7.2073002                      -9.6268638
               7.2221999                      -9.6166473
               7.2371001                      -9.6097553
               7.2519999                      -9.6061933
               7.2669001                      -9.6059686
               7.2817998                       -9.609085
                  7.2967                      -9.6155483
               7.3116002                       -9.625364
               7.3264999                       -9.638532
               7.3414001                      -9.6550573
               7.3562999                      -9.6749405
               7.3712001                      -9.6981808
               7.3860998                      -9.7247789
                   7.401                      -9.7547322
               7.4159002                      -9.7880383
                  7.4308                      -9.8246928
               7.4457002                      -9.8646889
               7.4605999                      -9.9080225
               7.4755001                      -9.9546848
               7.4903998                      -10.004665
                  7.5053                      -10.057955
               7.5201998                      -10.114539
                  7.5351                      -10.174408
               7.5500002                      -10.237541
               7.5648999                      -10.303925
               7.5798001                      -10.373538
               7.5946999                      -10.446362
               7.6096001                      -10.522374
               7.6244998                      -10.601547
                  7.6394                      -10.683859
               7.6543002                      -10.769277
               7.6691999                      -10.857776
               7.6841002                      -10.949321
               7.6989999                      -11.043878
               7.7139001                      -11.141411
               7.7287998                      -11.241883
                  7.7437                      -11.345254
               7.7586002                      -11.451479
                  7.7735                      -11.560517
               7.7884002                      -11.672323
               7.8032999                      -11.786847
               7.8182001                      -11.904043
               7.8330998                      -12.023857
                   7.848                      -12.146241
               7.8628998                       -12.27114
                  7.8778                        -12.3985
               7.8927002                      -12.528267
               7.9075999                      -12.660386
               7.9225001                      -12.794802
               7.9373999                      -12.931461
               7.9523001                      -13.070307
               7.9671998                      -13.211285
                  7.9821                      -13.354346
               7.9970002                      -13.499438
               8.0118999                      -13.646512
               8.0268002                      -13.795522
               8.0417004                      -13.946424
               8.0565996                       -14.09918
               8.0714998                      -14.253755
                  8.0864                      -14.410116
               8.1013002                      -14.568235
               8.1162004                      -14.728094
               8.1310997                      -14.889676
               8.1459999                      -15.052972
               8.1609001                      -15.217976
               8.1758003                      -15.384692
               8.1906996                       -15.55313
               8.2055998                      -15.723304
                  8.2205                      -15.895236
               8.2354002                      -16.068952
               8.2503004                      -16.244488
               8.2651997                      -16.421881
               8.2800999                      -16.601173
               8.2950001                      -16.782409
               8.3099003                      -16.965637
               8.3247995                      -17.150904
               8.3396997                      -17.338256
                  8.3546                      -17.527735
               8.3695002                      -17.719378
               8.3844004                      -17.913211
               8.3992996                      -18.109245
               8.4141998                      -18.307479
                  8.4291                      -18.507887
               8.4440002                      -18.710415
               8.4589005                      -18.914981
               8.4737997                      -19.121457
               8.4886999                      -19.329674
               8.5036001                      -19.539402
               8.5185003                      -19.750349
               8.5333996                       -19.96215
               8.5482998                      -20.174349
                  8.5632                      -20.386402
               8.5781002                      -20.597648
               8.5930004                      -20.807315
               8.6078997                      -21.014503
               8.6227999                      -21.218174
               8.6377001                      -21.417152
               8.6526003                      -21.610119
               8.6674995                      -21.795629
               8.6823997                       -21.97211
                  8.6973                      -22.137893
               8.7122002                      -22.291249
               8.7271004                      -22.430425
               8.7419996                      -22.553697
               8.7568998                      -22.659443
                  8.7718                      -22.746197
               8.7867002                      -22.812725
               8.8016005                      -22.858091
               8.8164997                      -22.881699
               8.8313999                      -22.883344
               8.8463001                      -22.863213
               8.8612003                      -22.821896
               8.8760996                      -22.760345
               8.8909998                      -22.679836
                  8.9059                      -22.581915
               8.9208002                      -22.468317
               8.9357004                      -22.340913
               8.9505997                      -22.201638
               8.9654999                      -22.052428
               8.9804001                      -21.895184
               8.9953003                      -21.731716
               9.0101995                       -21.56373
               9.0250998                      -21.392807
                    9.04                      -21.220385
               9.0549002                      -21.047768
               9.0698004                      -20.876116
               9.0846996                      -20.706462
               9.0995998                      -20.539713
                  9.1145                      -20.376664
               9.1294003                      -20.218005
               9.1443005                      -20.064337
               9.1591997                      -19.916177
               9.1740999                      -19.773972
               9.1890001                      -19.638106
               9.2039003                       -19.50891
               9.2187996                      -19.386667
               9.2336998                      -19.271622
                  9.2486                      -19.163988
               9.2635002                      -19.063948
               9.2784004                      -18.971662
               9.2932997                      -18.887272
               9.3081999                      -18.810903
               9.3231001                      -18.742669
               9.3380003                      -18.682673
               9.3528996                      -18.631009
               9.3677998                      -18.587769
                  9.3827                      -18.553036
               9.3976002                      -18.526895
               9.4125004                      -18.509426
               9.4273996                      -18.500708
               9.4422998                       -18.50082
               9.4572001                      -18.509843
               9.4721003                      -18.527853
               9.4870005                      -18.554931
               9.5018997                      -18.591153
               9.5167999                      -18.636595
               9.5317001                      -18.691329
               9.5466003                       -18.75542
               9.5614996                       -18.82893
               9.5763998                      -18.911906
                  9.5913                      -19.004382
               9.6062002                      -19.106371
               9.6211004                      -19.217862
               9.6359997                      -19.338806
               9.6508999                      -19.469115
               9.6658001                      -19.608643
               9.6807003                      -19.757173
               9.6955996                      -19.914403
               9.7104998                      -20.079918
                  9.7254                      -20.253175
               9.7403002                       -20.43346
               9.7552004                      -20.619869
               9.7700996                      -20.811252
               9.7849998                      -21.006186
               9.7999001                      -21.202919
               9.8148003                      -21.399331
               9.8297005                      -21.592887
               9.8445997                      -21.780614
               9.8594999                      -21.959091
               9.8744001                      -22.124473
               9.8893003                      -22.272551
               9.9041996                      -22.398883
               9.9190998                      -22.498969
                   9.934                      -22.568491
               9.9489002                      -22.603597
               9.9638004                      -22.601185
               9.9786997                      -22.559176
               9.9935999                        -22.4767
                 10.0085                      -22.354174
                 10.0234                       -22.19326
                 10.0383                      -21.996707
                 10.0532                      -21.768104
                 10.0681                      -21.511589
                  10.083                      -21.231565
                 10.0979                      -20.932443
                 10.1128                      -20.618446
                 10.1277                      -20.293466
                 10.1426                      -19.960983
                 10.1575                      -19.624035
                 10.1724                      -19.285209
                 10.1873                      -18.946676
                 10.2022                      -18.610216
                 10.2171                      -18.277273
                  10.232                      -17.948998
                 10.2469                      -17.626287
                 10.2618                      -17.309829
                 10.2767                      -17.000139
                 10.2916                      -16.697583
                 10.3065                      -16.402419
                 10.3214                      -16.114803
                 10.3363                       -15.83482
                 10.3512                      -15.562491
                 10.3661                       -15.29779
                  10.381                      -15.040654
                 10.3959                       -14.79099
                 10.4108                      -14.548686
                 10.4257                      -14.313606
                 10.4406                      -14.085611
                 10.4555                      -13.864545
                 10.4704                      -13.650251
                 10.4853                      -13.442564
                 10.5002                      -13.241323
                 10.5151                      -13.046362
                   10.53                      -12.857518
                 10.5449                      -12.674627
                 10.5598                      -12.497531
                 10.5747                       -12.32607
                 10.5896                      -12.160091
                 10.6045                      -11.999444
                 10.6194                      -11.843981
                 10.6343                      -11.693556
                 10.6492                      -11.548033
                 10.6641                      -11.407274
                  10.679                      -11.271145
                 10.6939                      -11.139521
                 10.7088                      -11.012274
                 10.7237                      -10.889287
                 10.7386                       -10.77044
                 10.7535                      -10.655619
                 10.7684                      -10.544717
                 10.7833                      -10.437626
                 10.7982                      -10.334242
                 10.8131                      -10.234468
                  10.828                      -10.138209
                 10.8429                      -10.045369
                 10.8578                       -9.955863
                 10.8727                      -9.8696015
                 10.8876                      -9.7865061
                 10.9025                       -9.706495
                 10.9174                      -9.6294935
                 10.9323                      -9.5554283
                 10.9472                      -9.4842315
                 10.9621                      -9.4158363
                  10.977                      -9.3501801
                 10.9919                      -9.2872046
                 11.0068                      -9.2268519
                 11.0217                      -9.1690704
                 11.0366                      -9.1138095
                 11.0515                       -9.061022
                 11.0664                       -9.010667
                 11.0813                      -8.9627038
                 11.0962                      -8.9170948
                 11.1111                      -8.8738075
                  11.126                      -8.8328115
                 11.1409                      -8.7940791
                 11.1558                      -8.7575879
                 11.1707                       -8.723316
                 11.1856                      -8.6912482
                 11.2005                      -8.6613683
                 11.2154                      -8.6336668
                 11.2303                      -8.6081356
                 11.2452                      -8.5847707
                 11.2601                      -8.5635682
                  11.275                       -8.544533
                 11.2899                      -8.5276666
                 11.3048                      -8.5129771
                 11.3197                      -8.5004764
                 11.3346                      -8.4901752
                 11.3495                      -8.4820927
                 11.3644                      -8.4762454
                 11.3793                      -8.4726566
                 11.3942                      -8.4713489
                 11.4091                      -8.4723497
                  11.424                      -8.4756882
                 11.4389                       -8.481398
                 11.4538                      -8.4895111
                 11.4687                      -8.5000661
                 11.4836                      -8.5131013
                 11.4985                       -8.528659
                 11.5134                      -8.5467801
                 11.5283                      -8.5675159
                 11.5432                      -8.5909088
                 11.5581                      -8.6170138
                  11.573                      -8.6458812
                 11.5879                      -8.6775656
                 11.6028                      -8.7121241
                 11.6177                      -8.7496148
                 11.6326                      -8.7900989
                 11.6475                      -8.8336393
                 11.6624                      -8.8803026
                 11.6773                      -8.9301539
                 11.6922                      -8.9832606
                 11.7071                      -9.0396988
                  11.722                      -9.0995379
                 11.7369                      -9.1628543
                 11.7518                      -9.2297293
                 11.7667                      -9.3002388
                 11.7816                      -9.3744686
                 11.7965                      -9.4525028
                 11.8114                      -9.5344286
                 11.8263                       -9.620338
                 11.8412                      -9.7103243
                 11.8561                      -9.8044832
                  11.871                       -9.902915
                 11.8859                      -10.005721
                 11.9008                      -10.113009
                 11.9157                       -10.22489
                 11.9306                      -10.341473
                 11.9455                      -10.462879
                 11.9604                       -10.58923
                 11.9753                       -10.72065
                 11.9902                      -10.857271
                 12.0051                      -10.999228
                   12.02                      -11.146661
                 12.0349                       -11.29972
                 12.0498                       -11.45855
                 12.0647                      -11.623314
                 12.0796                      -11.794173
                 12.0945                      -11.971299
                 12.1094                      -12.154866
                 12.1243                      -12.345058
                 12.1392                      -12.542066
                 12.1541                      -12.746085
                  12.169                      -12.957319
                 12.1839                      -13.175978
                 12.1988                      -13.402278
                 12.2137                      -13.636442
                 12.2286                      -13.878695
                 12.2435                      -14.129267
                 12.2584                       -14.38839
                 12.2733                      -14.656293
                 12.2882                      -14.933204
                 12.3031                      -15.219341
                  12.318                      -15.514908
                 12.3329                      -15.820087
                 12.3478                       -16.13503
                 12.3627                      -16.459845
                 12.3776                      -16.794583
                 12.3925                      -17.139209
                 12.4074                      -17.493592
                 12.4223                      -17.857457
                 12.4372                      -18.230349
                 12.4521                      -18.611589
                  12.467                      -19.000203
                 12.4819                      -19.394854
                 12.4968                      -19.793751
                 12.5117                      -20.194559
                 12.5266                       -20.59429
                 12.5415                       -20.98921
                 12.5564                      -21.374755
                 12.5713                       -21.74551
                 12.5862                      -22.095243
                 12.6011                      -22.417074
                  12.616                      -22.703779
                 12.6309                      -22.948261
                 12.6458                      -23.144136
                 12.6607                      -23.286407
                 12.6756                      -23.372031
                 12.6905                      -23.400325
                 12.7054                      -23.373049
                 12.7203                      -23.294189
                 12.7352                      -23.169451
                 12.7501                      -23.005636
                  12.765                      -22.809995
                 12.7799                      -22.589688
                 12.7948                      -22.351376
                 12.8097                      -22.100983
                 12.8246                      -21.843594
                 12.8395                      -21.583439
                 12.8544                      -21.323956
                 12.8693                      -21.067871
                 12.8842                      -20.817309
                 12.8991                      -20.573889
                  12.914                      -20.338818
                 12.9289                      -20.112971
                 12.9438                      -19.896959
                 12.9587                      -19.691192
                 12.9736                      -19.495917
                 12.9885                      -19.311261
                 13.0034                      -19.137256
                 13.0183                      -18.973865
                 13.0332                      -18.821001
                 13.0481                      -18.678541
                  13.063                      -18.546332
                 13.0779                       -18.42421
                 13.0928                      -18.311996
                 13.1077                      -18.209507
                 13.1226                      -18.116561
                 13.1375                      -18.032972
                 13.1524                      -17.958563
                 13.1673                      -17.893162
                 13.1822                      -17.836599
                 13.1971                      -17.788717
                  13.212                      -17.749362
                 13.2269                       -17.71839
                 13.2418                      -17.695669
                 13.2567                      -17.681071
                 13.2716                      -17.674477
                 13.2865                       -17.67578
                 13.3014                      -17.684879
                 13.3163                      -17.701681
                 13.3312                      -17.726103
                 13.3461                      -17.758068
                  13.361                      -17.797509
                 13.3759                      -17.844368
                 13.3908                      -17.898589
                 13.4057                       -17.96013
                 13.4206                      -18.028953
                 13.4355                      -18.105027
                 13.4504                      -18.188329
                 13.4653                      -18.278843
                 13.4802                      -18.376559
                 13.4951                      -18.481473
                   13.51                      -18.593588
                 13.5249                      -18.712914
                 13.5398                      -18.839462
                 13.5547                      -18.973254
                 13.5696                      -19.114311
                 13.5845                      -19.262661
                 13.5994                      -19.418335
                 13.6143                      -19.581363
                 13.6292                      -19.751777
                 13.6441                      -19.929609
                  13.659                      -20.114885
                 13.6739                      -20.307627
                 13.6888                      -20.507848
                 13.7037                      -20.715545
                 13.7186                      -20.930701
                 13.7335                      -21.153271
                 13.7484                      -21.383179
                 13.7633                       -21.62031
                 13.7782                      -21.864492
                 13.7931                      -22.115495
                  13.808                      -22.372997
                 13.8229                      -22.636581
                 13.8378                        -22.9057
                 13.8527                      -23.179656
                 13.8676                      -23.457559
                 13.8825                      -23.738305
                 13.8974                      -24.020519
                 13.9123                      -24.302527
                 13.9272                      -24.582296
                 13.9421                      -24.857415
                  13.957                      -25.125051
                 13.9719                      -25.381939
                 13.9868                      -25.624405
                 14.0017                      -25.848413
                 14.0166                      -26.049675
                 14.0315                      -26.223812
                 14.0464                      -26.366565
                 14.0613                       -26.47406
                 14.0762                      -26.543088
                 14.0911                       -26.57136
                  14.106                      -26.557713
                 14.1209                      -26.502213
                 14.1358                      -26.406148
                 14.1507                      -26.271905
                 14.1656                       -26.10275
                 14.1805                       -25.90257
                 14.1954                      -25.675592
                 14.2103                      -25.426126
                 14.2252                      -25.158361
                 14.2401                       -24.87621
                  14.255                      -24.583217
                 14.2699                      -24.282508
                 14.2848                      -23.976779
                 14.2997                       -23.66831
                 14.3146                      -23.359001
                 14.3295                       -23.05041
                 14.3444                      -22.743793
                 14.3593                      -22.440152
                 14.3742                      -22.140271
                 14.3891                      -21.844754
                  14.404                      -21.554054
                 14.4189                      -21.268503
                 14.4338                      -20.988335
                 14.4487                      -20.713701
                 14.4636                      -20.444687
                 14.4785                      -20.181331
                 14.4934                      -19.923632
                 14.5083                      -19.671552
                 14.5232                      -19.425035
                 14.5381                      -19.184004
                  14.553                      -18.948365
                 14.5679                      -18.718021
                 14.5828                      -18.492862
                 14.5977                      -18.272779
                 14.6126                      -18.057656
                 14.6275                      -17.847378
                 14.6424                       -17.64183
                 14.6573                      -17.440899
                 14.6722                      -17.244471
                 14.6871                      -17.052438
                  14.702                      -16.864693
                 14.7169                      -16.681133
                 14.7318                      -16.501654
                 14.7467                      -16.326163
                 14.7616                      -16.154565
                 14.7765                       -15.98677
                 14.7914                      -15.822692
                 14.8063                      -15.662247
                 14.8212                      -15.505358
                 14.8361                      -15.351948
                  14.851                      -15.201945
                 14.8659                       -15.05528
                 14.8808                      -14.911889
                 14.8957                      -14.771708
                 14.9106                      -14.634679
                 14.9255                      -14.500746
                 14.9404                      -14.369856
                 14.9553                      -14.241961
                 14.9702                      -14.117013
                 14.9851                      -13.994966
                      15                      -13.875783

