        Frequency / GHz                S1,1/abs,dB
----------------------------------------------------------------------
                     0.1                    -0.077655491
                  0.1149                    -0.071901855
              0.12980001                    -0.052136019
              0.14470001                    -0.022734169
                  0.1596                    0.0098790859
                  0.1745                     0.038657848
                  0.1894                     0.057432802
                  0.2043                     0.062131365
                  0.2192                     0.051569659
                  0.2341                     0.027717607
                   0.249                    -0.004599367
              0.26390001                    -0.038568065
              0.27880001                    -0.066748567
              0.29370001                    -0.082737928
              0.30860001                    -0.082746145
              0.32350001                    -0.066612498
              0.33840001                    -0.037932008
              0.35330001                   -0.0032018227
                  0.3682                     0.029716124
                  0.3831                     0.053376867
                   0.398                     0.062354216
                  0.4129                     0.054367662
                  0.4278                      0.03080235
                  0.4427                   -0.0034493076
                  0.4576                    -0.040858813
                  0.4725                    -0.072802821
                  0.4874                     -0.09156401
              0.50230002                     -0.09232429
              0.51719999                     -0.07455239
              0.53210002                    -0.042268245
              0.54699999                   -0.0030625532
              0.56190002                     0.033789149
              0.57679999                     0.059522773
              0.59170002                     0.067854945
              0.60659999                     0.056338758
              0.62150002                     0.026987267
              0.63639998                    -0.013955468
              0.65130001                    -0.057131794
              0.66619998                    -0.092058697
              0.68110001                     -0.10969764
              0.69599998                      -0.1049761
              0.71090001                    -0.078398888
              0.72579998                    -0.036104289
              0.74070001                     0.011700785
              0.75559998                     0.053330882
                  0.7705                     0.078418647
              0.78539997                     0.080244196
                  0.8003                     0.057245654
              0.81519997                     0.013596214
                  0.8301                     -0.04127415
              0.84500003                    -0.094347965
                  0.8599                     -0.13189935
              0.87480003                     -0.14313941
                  0.8897                     -0.12359105
              0.90460002                    -0.076838245
              0.91949999                    -0.013837921
              0.93440002                     0.049932161
              0.94929999                     0.098353737
              0.96420002                      0.11834944
              0.97909999                      0.10270628
              0.99400002                      0.05183938
                  1.0089                     -0.02550101
                  1.0238                     -0.11286527
                  1.0387                     -0.18863756
                  1.0536                     -0.23089043
                  1.0685                     -0.22389717
                  1.0834                     -0.16409046
                  1.0983                    -0.062525341
               1.1131999                     0.057454721
                  1.1281                      0.16591251
                   1.143                      0.23249328
                  1.1579                      0.23103107
               1.1727999                      0.14228937
                  1.1877                      -0.0443325
                  1.2026                     -0.32888974
                  1.2175                     -0.69785682
               1.2323999                       -1.119744
                  1.2473                      -1.5411446
                  1.2622                      -1.8886191
                  1.2771                      -2.0845756
               1.2920001                      -2.0781807
                  1.3069                      -1.8725281
                  1.3218                      -1.5227207
                  1.3367                       -1.106822
               1.3516001                     -0.69606788
                  1.3665                     -0.34084076
                  1.3814                    -0.069831617
                  1.3963                      0.10573804
                  1.4112                      0.18775814
                  1.4261                      0.18818453
                   1.441                      0.12694153
                  1.4559                     0.029840194
                  1.4708                    -0.074554467
                  1.4857                     -0.15959846
                  1.5006                     -0.20611341
               1.5154999                     -0.20675385
                  1.5304                     -0.16695813
                  1.5453                     -0.10187043
                  1.5602                    -0.030789217
               1.5750999                     0.028377299
                    1.59                     0.063014337
                  1.6049                     0.067670637
                  1.6198                     0.044237166
               1.6346999                   0.00086331254
                  1.6496                    -0.050174603
                  1.6645                     -0.09544081
                  1.6794                     -0.12369757
               1.6943001                     -0.12881285
                  1.7092                     -0.11120904
                  1.7241                    -0.077315757
                   1.739                    -0.037302553
               1.7539001                    -0.002036005
                  1.7688                     0.019711789
                  1.7837                     0.023171314
                  1.7986                    0.0083550976
                  1.8135                     -0.02022134
                  1.8284                    -0.054777571
                  1.8433                    -0.086258373
                  1.8582                      -0.1066882
                  1.8731                     -0.11131355
                   1.888                    -0.099845468
                  1.9029                    -0.076374768
               1.9177999                    -0.048016417
                  1.9327                    -0.022811921
                  1.9476                   -0.0075865781
                  1.9625                   -0.0063118683
               1.9773999                    -0.019268055
                  1.9923                    -0.043093991
                  2.0072                    -0.071675109
                  2.0221                    -0.097714746
               2.0369999                     -0.11466912
               2.0518999                     -0.11855683
               2.0668001                     -0.10907102
               2.0817001                    -0.089618171
               2.0966001                    -0.066271692
                  2.1115                     -0.04602844
                  2.1264                    -0.034929553
                  2.1413                    -0.036543009
               2.1561999                    -0.051117438
               2.1710999                    -0.075537072
               2.1860001                     -0.10408104
               2.2009001                     -0.12986302
                  2.2158                     -0.14667529
                  2.2307                     -0.15075635
                  2.2456                      -0.1419261
                  2.2605                     -0.12369034
               2.2753999                     -0.10226016
               2.2902999                    -0.084830924
               2.3052001                    -0.077678285
               2.3201001                    -0.084549698
                   2.335                     -0.10570975
                  2.3499                     -0.13779187
                  2.3648                     -0.17451726
               2.3796999                     -0.20821065
               2.3945999                     -0.23186091
               2.4094999                     -0.24120816
               2.4244001                     -0.23620106
               2.4393001                     -0.22126642
                  2.4542                     -0.20426504
                  2.4691                     -0.19450517
                   2.484                      -0.2004295
               2.4988999                     -0.22758475
               2.5137999                     -0.27726134
               2.5287001                     -0.34603928
               2.5436001                     -0.42639779
               2.5585001                     -0.50849852
                  2.5734                     -0.58305385
                  2.5883                      -0.6447556
                  2.6032                     -0.69526959
               2.6180999                     -0.74471836
               2.6329999                     -0.81117596
               2.6479001                     -0.91860228
               2.6628001                      -1.0942898
                  2.6777                        -1.36682
                  2.6926                      -1.7650135
                  2.7075                      -2.3177693
                  2.7224                        -3.05419
               2.7372999                      -4.0025453
               2.7521999                      -5.1842691
               2.7671001                      -6.5920476
               2.7820001                      -8.1240341
                  2.7969                      -9.4430817
                  2.8118                      -9.9386722
                  2.8267                      -9.3067662
               2.8415999                      -8.0067164
               2.8564999                      -6.6042093
               2.8714001                      -5.3614272
               2.8863001                      -4.3447018
               2.9012001                      -3.5480808
                  2.9161                      -2.9444676
                   2.931                      -2.5019718
                  2.9459                      -2.1883926
               2.9607999                      -1.9723286
               2.9756999                      -1.8238919
               2.9906001                      -1.7159901
               3.0055001                      -1.6262503
                  3.0204                      -1.5390103
                  3.0353                      -1.4464655
                  3.0502                      -1.3482904
                  3.0651                       -1.249682
               3.0799999                      -1.1584941
               3.0948999                      -1.0823708
               3.1098001                       -1.026584
               3.1247001                     -0.99285426
                  3.1396                     -0.97914763
                  3.1545                     -0.98028172
                  3.1694                     -0.98917514
               3.1842999                     -0.99847778
               3.1991999                      -1.0022423
               3.2140999                     -0.99723821
               3.2290001                     -0.98351207
               3.2439001                     -0.96406415
                  3.2588                     -0.94378503
                  3.2737                     -0.92801546
                  3.2886                     -0.92117322
               3.3034999                     -0.92574732
               3.3183999                     -0.94184749
               3.3333001                     -0.96731844
               3.3482001                     -0.99835122
               3.3631001                      -1.0304663
                   3.378                      -1.0596329
                  3.3929                      -1.0832634
                  3.4078                      -1.1008132
               3.4226999                      -1.1138371
               3.4375999                      -1.1254896
               3.4525001                       -1.139655
               3.4674001                      -1.1599692
                  3.4823                      -1.1889837
                  3.4972                      -1.2276482
                  3.5121                       -1.275199
                   3.527                      -1.3294449
               3.5418999                      -1.3873819
               3.5567999                      -1.4459944
               3.5717001                      -1.5030527
               3.5866001                      -1.5577155
                  3.6015                      -1.6107696
                  3.6164                      -1.6644559
                  3.6313                      -1.7219442
               3.6461999                      -1.7866162
               3.6610999                      -1.8613551
               3.6760001                      -1.9479995
               3.6909001                      -2.0470797
               3.7058001                      -2.1578674
                  3.7207                      -2.2787216
                  3.7356                      -2.4076599
                  3.7505                      -2.5430217
               3.7653999                       -2.684078
               3.7802999                      -2.8314423
               3.7952001                      -2.9871614
               3.8101001                      -3.1545073
                   3.825                      -3.3374912
                  3.8399                       -3.540277
                  3.8548                       -3.766606
                  3.8697                      -4.0193743
               3.8845999                      -4.3004397
               3.8994999                      -4.6106862
               3.9144001                      -4.9503501
               3.9293001                      -5.3195547
                  3.9442                      -5.7189619
                  3.9591                      -6.1504327
                   3.974                        -6.61755
               3.9888999                      -7.1258914
               4.0037999                      -7.6829666
               4.0187001                      -8.2977987
               4.0335999                      -8.9801481
               4.0485001                       -9.739297
               4.0633998                      -10.582153
                  4.0783                      -11.510062
               4.0932002                      -12.513162
               4.1080999                      -13.560541
               4.1230001                      -14.585283
               4.1378999                      -15.470163
               4.1528001                       -16.05727
               4.1676998                       -16.21292
                  4.1826                      -15.918412
               4.1975002                      -15.281232
                  4.2124                      -14.452022
               4.2273002                      -13.550795
               4.2421999                        -12.6498
               4.2571001                      -11.786025
               4.2719998                      -10.976432
                  4.2869                      -10.227937
               4.3017998                      -9.5426115
                  4.3167                      -8.9200158
               4.3316002                      -8.3581307
               4.3464999                      -7.8536875
               4.3614001                      -7.4023418
               4.3762999                      -6.9988663
               4.3912001                      -6.6374471
               4.4060998                      -6.3120839
                   4.421                       -6.017047
               4.4359002                      -5.7473346
               4.4507999                      -5.4990201
               4.4657001                      -5.2694378
               4.4805999                      -5.0571451
               4.4955001                      -4.8616814
               4.5103998                      -4.6831756
                  4.5253                       -4.521905
               4.5402002                      -4.3778808
                  4.5551                       -4.250562
               4.5700002                      -4.1387366
               4.5848999                      -4.0405811
               4.5998001                      -3.9538816
               4.6146998                      -3.8763582
                  4.6296                       -3.806026
               4.6444998                      -3.7414905
                  4.6594                      -3.6821253
               4.6743002                      -3.6280699
               4.6891999                      -3.5800541
               4.7041001                      -3.5391047
               4.7189999                      -3.5061979
               4.7339001                      -3.4819445
               4.7487998                      -3.4663782
                  4.7637                      -3.4588966
               4.7786002                      -3.4583481
               4.7934999                      -3.4632661
               4.8084002                      -3.4721729
               4.8232999                      -3.4838954
               4.8382001                       -3.497807
               4.8530998                       -3.513939
                   4.868                      -3.5329203
               4.8829002                      -3.5557788
                  4.8978                      -3.5836381
               4.9127002                      -3.6173953
               4.9275999                      -3.6574563
               4.9425001                      -3.7035896
               4.9573998                      -3.7549234
               4.9723001                      -3.8101027
               4.9871998                      -3.8675452
                  5.0021                       -3.925767
               5.0170002                      -3.9836636
               5.0318999                      -4.0406943
               5.0468001                      -4.0969062
               5.0616999                      -4.1527915
               5.0766001                      -4.2090112
               5.0914998                      -4.2660625
                  5.1064                      -4.3239721
               5.1213002                      -4.3820862
                  5.1362                      -4.4390466
               5.1511002                      -4.4929149
               5.1659999                      -4.5414697
               5.1809001                      -4.5825823
               5.1957998                      -4.6145793
                  5.2107                      -4.6365079
               5.2255998                      -4.6482123
                  5.2405                      -4.6502129
               5.2554002                      -4.6434332
               5.2702999                      -4.6288504
               5.2852001                       -4.607174
               5.3000998                       -4.578661
               5.3150001                      -4.5430887
               5.3298998                      -4.4999085
                  5.3448                      -4.4485276
               5.3597002                       -4.388618
               5.3745999                      -4.3203941
               5.3895001                      -4.2447379
               5.4043999                      -4.1631651
               5.4193001                      -4.0776293
               5.4341998                       -3.990225
                  5.4491                      -3.9028682
               5.4640002                      -3.8170387
                  5.4789                       -3.733635
               5.4938002                      -3.6529704
               5.5086999                      -3.5748978
               5.5236001                      -3.4990195
               5.5384998                      -3.4249451
                  5.5534                      -3.3525027
               5.5682998                       -3.281884
                  5.5832                       -3.213666
               5.5981002                      -3.1487292
               5.6129999                      -3.0880835
               5.6279001                      -3.0326586
               5.6427999                      -2.9831192
               5.6577001                      -2.9397323
               5.6725998                       -2.902329
                  5.6875                      -2.8703718
               5.7024002                      -2.8430913
               5.7172999                      -2.8196819
               5.7322001                       -2.799496
               5.7470999                      -2.7821895
               5.7620001                      -2.7678005
               5.7768998                      -2.7567174
                  5.7918                      -2.7495684
               5.8067002                      -2.7470566
                  5.8216                      -2.7497745
               5.8365002                      -2.7580526
               5.8513999                      -2.7718746
               5.8663001                      -2.7908758
               5.8811998                      -2.8144342
                  5.8961                      -2.8418131
               5.9109998                      -2.8723421
                  5.9259                      -2.9055816
               5.9408002                      -2.9414301
               5.9556999                      -2.9801509
               5.9706001                      -3.0223031
               5.9854999                      -3.0686117
               6.0004001                      -3.1197883
               6.0152998                      -3.1763572
                  6.0302                      -3.2385395
               6.0451002                      -3.3061895
               6.0599999                      -3.3788422
               6.0749002                       -3.455826
               6.0897999                      -3.5364265
               6.1047001                      -3.6200659
               6.1195998                      -3.7064509
                  6.1345                      -3.7956415
               6.1494002                      -3.8880298
                  6.1643                      -3.9842378
               6.1792002                      -4.0849378
               6.1940999                      -4.1906547
               6.2090001                      -4.3016046
               6.2238998                      -4.4175834
                  6.2388                      -4.5379575
               6.2536998                      -4.6617502
                  6.2686                      -4.7878044
               6.2835002                      -4.9149894
               6.2983999                      -5.0423914
               6.3133001                      -5.1694439
               6.3281999                      -5.2959525
               6.3431001                      -5.4220095
               6.3579998                      -5.5478082
                  6.3729                      -5.6734168
               6.3878002                      -5.7985546
               6.4026999                      -5.9224545
               6.4176002                      -6.0438256
               6.4324999                      -6.1609691
               6.4474001                      -6.2719947
               6.4622998                      -6.3751116
                  6.4772                      -6.4689116
               6.4920998                      -6.5525605
                   6.507                      -6.6258559
               6.5219002                      -6.6891175
               6.5367999                      -6.7429571
               6.5517001                      -6.7879899
               6.5665998                      -6.8245823
               6.5815001                      -6.8526976
               6.5963998                      -6.8719032
                  6.6113                      -6.8815205
               6.6262002                      -6.8808812
               6.6410999                      -6.8696173
               6.6560001                      -6.8478859
               6.6708999                       -6.816473
               6.6858001                      -6.7767237
               6.7006998                      -6.7303462
                  6.7156                      -6.6791217
               6.7305002                      -6.6246106
                  6.7454                      -6.5679383
               6.7603002                      -6.5097011
               6.7751999                      -6.4500046
               6.7901001                      -6.3886332
               6.8049998                      -6.3252816
                  6.8199                      -6.2597954
               6.8347998                      -6.1923472
                  6.8497                      -6.1235164
               6.8646002                      -6.0542391
               6.8794999                      -5.9856579
               6.8944001                      -5.9189096
               6.9092999                      -5.8549162
               6.9242001                      -5.7942242
               6.9390998                      -5.7369356
                   6.954                      -5.6827506
               6.9689002                      -5.6310895
               6.9837999                      -5.5812931
               6.9987001                      -5.5328091
               7.0135999                      -5.4853665
               7.0285001                        -5.43905
               7.0433998                      -5.3942824
                  7.0583                      -5.3517219
               7.0732002                       -5.312085
                  7.0881                      -5.2759687
               7.1030002                      -5.2436909
               7.1178999                      -5.2152117
               7.1328001                      -5.1901359
               7.1476998                      -5.1678027
                  7.1626                      -5.1474388
               7.1774998                      -5.1283408
                  7.1924                      -5.1100295
               7.2073002                      -5.0923441
               7.2221999                      -5.0754566
               7.2371001                      -5.0597871
               7.2519999                      -5.0458653
               7.2669001                      -5.0341529
               7.2817998                      -5.0248885
                  7.2967                      -5.0179831
               7.3116002                      -5.0130038
               7.3264999                      -5.0092321
               7.3414001                       -5.005807
               7.3562999                      -5.0018911
               7.3712001                      -4.9968287
               7.3860998                      -4.9902701
                   7.401                      -4.9821943
               7.4159002                      -4.9728549
                  7.4308                      -4.9626523
               7.4457002                       -4.951969
               7.4605999                      -4.9410037
               7.4755001                      -4.9296682
               7.4903998                      -4.9175473
                  7.5053                      -4.9039613
               7.5201998                      -4.8880927
                  7.5351                      -4.8691529
               7.5500002                      -4.8465515
               7.5648999                      -4.8200171
               7.5798001                      -4.7896359
               7.5946999                      -4.7558017
               7.6096001                      -4.7190963
               7.6244998                       -4.680122
                  7.6394                      -4.6393479
               7.6543002                      -4.5969911
               7.6691999                      -4.5529878
               7.6841002                      -4.5070307
               7.6989999                      -4.4586846
               7.7139001                      -4.4075422
               7.7287998                       -4.353365
                  7.7437                      -4.2961966
               7.7586002                      -4.2363869
                  7.7735                       -4.174553
               7.7884002                      -4.1114635
               7.8032999                      -4.0478911
               7.8182001                      -3.9844712
               7.8330998                      -3.9215937
                   7.848                      -3.8593667
               7.8628998                      -3.7976451
                  7.8778                      -3.7361276
               7.8927002                      -3.6744836
               7.9075999                      -3.6124843
               7.9225001                      -3.5501027
               7.9373999                      -3.4875564
               7.9523001                       -3.425284
               7.9671998                      -3.3638616
                  7.9821                      -3.3038836
               7.9970002                      -3.2458405
               8.0118999                      -3.1900212
               8.0268002                      -3.1364671
               8.0417004                      -3.0849848
               8.0565996                      -3.0352157
               8.0714998                      -2.9867442
                  8.0864                      -2.9392149
               8.1013002                       -2.892434
               8.1162004                      -2.8464221
               8.1310997                       -2.801415
               8.1459999                       -2.757806
               8.1609001                      -2.7160499
               8.1758003                      -2.6765541
               8.1906996                      -2.6395759
               8.2055998                      -2.6051687
                  8.2205                      -2.5731693
               8.2354002                      -2.5432471
               8.2503004                      -2.5149878
               8.2651997                      -2.4880023
               8.2800999                      -2.4620248
               8.2950001                      -2.4369821
               8.3099003                      -2.4130118
               8.3247995                      -2.3904281
               8.3396997                      -2.3696449
                  8.3546                      -2.3510735
               8.3695002                      -2.3350221
               8.3844004                      -2.3216242
               8.3992996                      -2.3108117
               8.4141998                      -2.3023361
                  8.4291                      -2.2958324
               8.4440002                      -2.2909263
               8.4589005                      -2.2873203
               8.4737997                      -2.2848843
               8.4886999                      -2.2836871
               8.5036001                      -2.2839826
               8.5185003                      -2.2861507
               8.5333996                      -2.2906011
               8.5482998                      -2.2976711
                  8.5632                      -2.3075397
               8.5781002                       -2.320176
               8.5930004                      -2.3353412
               8.6078997                      -2.3526312
               8.6227999                      -2.3715695
               8.6377001                      -2.3916966
               8.6526003                      -2.4126661
               8.6674995                      -2.4342953
               8.6823997                      -2.4565708
                  8.6973                      -2.4796078
               8.7122002                      -2.5035573
               8.7271004                      -2.5285037
               8.7419996                       -2.554372
               8.7568998                      -2.5808573
                  8.7718                      -2.6074221
               8.7867002                      -2.6333316
               8.8016005                       -2.657752
               8.8164997                      -2.6798724
               8.8313999                      -2.6990159
               8.8463001                      -2.7147359
               8.8612003                      -2.7268508
               8.8760996                      -2.7354254
               8.8909998                      -2.7406863
                  8.9059                      -2.7429312
               8.9208002                      -2.7424097
               8.9357004                      -2.7392533
               8.9505997                      -2.7334439
               8.9654999                      -2.7248404
               8.9804001                      -2.7132523
               8.9953003                      -2.6985364
               9.0101995                      -2.6807036
               9.0250998                       -2.659975
                    9.04                      -2.6368078
               9.0549002                      -2.6118467
               9.0698004                      -2.5858404
               9.0846996                      -2.5595243
               9.0995998                      -2.5335156
                  9.1145                      -2.5082193
               9.1294003                      -2.4838073
               9.1443005                       -2.460231
               9.1591997                      -2.4372956
               9.1740999                      -2.4147619
               9.1890001                      -2.3924493
               9.2039003                       -2.370319
               9.2187996                      -2.3485171
               9.2336998                      -2.3273581
                  9.2486                       -2.307267
               9.2635002                      -2.2886878
               9.2784004                      -2.2719827
               9.2932997                      -2.2573478
               9.3081999                       -2.244776
               9.3231001                       -2.234058
               9.3380003                       -2.224841
               9.3528996                      -2.2167147
               9.3677998                      -2.2093148
                  9.3827                      -2.2024145
               9.3976002                      -2.1959743
               9.4125004                      -2.1901504
               9.4273996                      -2.1852475
               9.4422998                      -2.1816355
               9.4572001                      -2.1796521
               9.4721003                      -2.1795102
               9.4870005                      -2.1812376
               9.5018997                      -2.1846644
               9.5167999                      -2.1894627
               9.5317001                      -2.1952211
               9.5466003                      -2.2015443
               9.5614996                      -2.2081483
               9.5763998                      -2.2149338
                  9.5913                      -2.2220027
               9.6062002                      -2.2296314
               9.6211004                       -2.238198
               9.6359997                      -2.2480834
               9.6508999                      -2.2595752
               9.6658001                      -2.2727873
               9.6807003                      -2.2876371
               9.6955996                      -2.3038566
               9.7104998                      -2.3210648
                  9.7254                      -2.3388648
               9.7403002                      -2.3569408
               9.7552004                       -2.375147
               9.7700996                      -2.3935434
               9.7849998                      -2.4123865
               9.7999001                      -2.4320695
               9.8148003                       -2.453025
               9.8297005                       -2.475619
               9.8445997                      -2.5000665
               9.8594999                       -2.526377
               9.8744001                      -2.5543587
               9.8893003                      -2.5836755
               9.9041996                      -2.6139336
               9.9190998                      -2.6447944
                   9.934                      -2.6760691
               9.9489002                      -2.7077772
               9.9638004                      -2.7401577
               9.9786997                      -2.7736199
               9.9935999                      -2.8086503
                 10.0085                       -2.845708
                 10.0234                      -2.8851153
                 10.0383                       -2.926991
                 10.0532                      -2.9712346
                 10.0681                      -3.0175621
                  10.083                      -3.0655909
                 10.0979                      -3.1149558
                 10.1128                      -3.1654189
                 10.1277                      -3.2169466
                 10.1426                      -3.2697452
                 10.1575                      -3.3242239
                 10.1724                      -3.3809128
                 10.1873                      -3.4403469
                 10.2022                      -3.5029431
                 10.2171                      -3.5689114
                  10.232                      -3.6382059
                 10.2469                      -3.7105508
                 10.2618                      -3.7855137
                 10.2767                      -3.8626193
                 10.2916                       -3.941485
                 10.3065                        -4.02192
                 10.3214                      -4.1039796
                 10.3363                       -4.187956
                 10.3512                      -4.2742951
                 10.3661                      -4.3634676
                  10.381                      -4.4558254
                 10.3959                      -4.5514718
                 10.4108                      -4.6501844
                 10.4257                      -4.7514141
                 10.4406                      -4.8543439
                 10.4555                      -4.9580261
                 10.4704                       -5.061527
                 10.4853                      -5.1640772
                 10.5002                      -5.2651502
                 10.5151                      -5.3644772
                   10.53                      -5.4619605
                 10.5449                      -5.5575279
                 10.5598                      -5.6509491
                 10.5747                      -5.7416723
                 10.5896                      -5.8287352
                 10.6045                      -5.9107634
                 10.6194                      -5.9860805
                 10.6343                      -6.0529173
                 10.6492                      -6.1096419
                 10.6641                      -6.1549913
                  10.679                       -6.188206
                 10.6939                       -6.209055
                 10.7088                      -6.2177366
                 10.7237                      -6.2146836
                 10.7386                      -6.2003513
                 10.7535                      -6.1750392
                 10.7684                      -6.1388151
                 10.7833                      -6.0915495
                 10.7982                      -6.0330657
                 10.8131                      -5.9633368
                  10.828                      -5.8826882
                 10.8429                      -5.7919159
                 10.8578                      -5.6923106
                 10.8727                      -5.5855414
                 10.8876                      -5.4734641
                 10.9025                      -5.3578904
                 10.9174                       -5.240369
                 10.9323                      -5.1220534
                 10.9472                      -5.0036571
                 10.9621                      -4.8855225
                  10.977                      -4.7677563
                 10.9919                      -4.6504066
                 11.0068                      -4.5336265
                 11.0217                      -4.4177921
                 11.0366                      -4.3035302
                 11.0515                      -4.1916713
                 11.0664                      -4.0831294
                 11.0813                       -3.978759
                 11.0962                      -3.8792058
                 11.1111                      -3.7848126
                  11.126                       -3.695587
                 11.1409                      -3.6112415
                 11.1558                       -3.531298
                 11.1707                      -3.4552299
                 11.1856                      -3.3826081
                 11.2005                      -3.3132114
                 11.2154                      -3.2470838
                 11.2303                      -3.1845232
                 11.2452                      -3.1259892
                 11.2601                      -3.0719904
                  11.275                      -3.0229433
                 11.2899                        -2.97906
                 11.3048                      -2.9402836
                 11.3197                        -2.90629
                 11.3346                      -2.8765551
                 11.3495                      -2.8504638
                 11.3644                      -2.8274471
                 11.3793                      -2.8071011
                 11.3942                       -2.789268
                 11.4091                      -2.7740442
                  11.424                      -2.7617294
                 11.4389                      -2.7527159
                 11.4538                      -2.7473492
                 11.4687                      -2.7457934
                 11.4836                       -2.747939
                 11.4985                       -2.753365
                 11.5134                        -2.76138
                 11.5283                      -2.7711161
                 11.5432                      -2.7816667
                 11.5581                      -2.7922322
                  11.573                      -2.8022313
                 11.5879                      -2.8113518
                 11.6028                      -2.8195326
                 11.6177                      -2.8268684
                 11.6326                      -2.8334835
                 11.6475                      -2.8393849
                 11.6624                      -2.8443587
                 11.6773                       -2.847921
                 11.6922                      -2.8493574
                 11.7071                      -2.8478237
                  11.722                      -2.8425099
                 11.7369                      -2.8328034
                 11.7518                      -2.8184233
                 11.7667                      -2.7994836
                 11.7816                      -2.7764638
                 11.7965                      -2.7501028
                 11.8114                      -2.7212332
                 11.8263                      -2.6906098
                 11.8412                      -2.6587645
                 11.8561                      -2.6259343
                  11.871                      -2.5920666
                 11.8859                      -2.5569078
                 11.9008                       -2.520146
                 11.9157                      -2.4815588
                 11.9306                      -2.4411505
                 11.9455                      -2.3992148
                 11.9604                      -2.3563175
                 11.9753                      -2.3132099
                 11.9902                      -2.2706844
                 12.0051                      -2.2294153
                   12.02                      -2.1898319
                 12.0349                      -2.1520397
                 12.0498                      -2.1158256
                 12.0647                      -2.0807395
                 12.0796                      -2.0462256
                 12.0945                      -2.0117801
                 12.1094                      -1.9770951
                 12.1243                      -1.9421452
                 12.1392                      -1.9071972
                 12.1541                      -1.8727465
                  12.169                      -1.8393881
                 12.1839                      -1.8076683
                 12.1988                       -1.777939
                 12.2137                      -1.7502657
                 12.2286                      -1.7244094
                 12.2435                      -1.6998766
                 12.2584                      -1.6760427
                 12.2733                      -1.6523005
                 12.2882                      -1.6282141
                 12.3031                      -1.6036211
                  12.318                      -1.5786718
                 12.3329                      -1.5537841
                 12.3478                      -1.5295305
                 12.3627                      -1.5064839
                 12.3776                      -1.4850717
                 12.3925                      -1.4654527
                 12.4074                      -1.4474791
                 12.4223                      -1.4307187
                 12.4372                      -1.4145682
                 12.4521                      -1.3983917
                  12.467                      -1.3816876
                 12.4819                      -1.3642096
                 12.4968                      -1.3460307
                 12.5117                      -1.3275211
                 12.5266                      -1.3092523
                 12.5415                      -1.2918477
                 12.5564                      -1.2758204
                 12.5713                      -1.2614397
                 12.5862                      -1.2486582
                 12.6011                      -1.2371204
                  12.616                      -1.2262466
                 12.6309                       -1.215377
                 12.6458                      -1.2039396
                 12.6607                      -1.1915943
                 12.6756                      -1.1783214
                 12.6905                      -1.1644247
                 12.7054                      -1.1504548
                 12.7203                      -1.1370687
                 12.7352                      -1.1248552
                 12.7501                      -1.1141819
                  12.765                      -1.1051059
                 12.7799                      -1.0973422
                 12.7948                      -1.0903425
                 12.8097                      -1.0834224
                 12.8246                       -1.075939
                 12.8395                      -1.0674499
                 12.8544                      -1.0578309
                 12.8693                      -1.0473104
                 12.8842                       -1.036405
                 12.8991                      -1.0257917
                  12.914                      -1.0161314
                 12.9289                       -1.007899
                 12.9438                      -1.0012555
                 12.9587                     -0.99600552
                 12.9736                     -0.99164343
                 12.9885                     -0.98747097
                 13.0034                     -0.98278177
                 13.0183                     -0.97703364
                 13.0332                     -0.96999456
                 13.0481                     -0.96180329
                  13.063                     -0.95293506
                 13.0779                     -0.94408076
                 13.0928                     -0.93597091
                 13.1077                     -0.92918615
                 13.1226                     -0.92400594
                 13.1375                     -0.92033815
                 13.1524                     -0.91773402
                 13.1673                     -0.91549621
                 13.1822                     -0.91286059
                 13.1971                     -0.90918808
                  13.212                     -0.90412895
                 13.2269                     -0.89772178
                 13.2418                     -0.89038269
                 13.2567                     -0.88280431
                 13.2716                     -0.87577816
                 13.2865                     -0.86998779
                 13.3014                     -0.86584186
                 13.3163                     -0.86335819
                 13.3312                      -0.8621613
                 13.3461                     -0.86156885
                  13.361                     -0.86076612
                 13.3759                     -0.85901433
                 13.3908                     -0.85583875
                 13.4057                     -0.85116139
                 13.4206                     -0.84532103
                 13.4355                      -0.8389954
                 13.4504                     -0.83302167
                 13.4653                     -0.82818923
                 13.4802                     -0.82503646
                 13.4951                     -0.82370613
                   13.51                     -0.82391131
                 13.5249                     -0.82499629
                 13.5398                     -0.82610717
                 13.5547                     -0.82640232
                 13.5696                     -0.82527342
                 13.5845                     -0.82250522
                 13.5994                     -0.81833912
                 13.6143                     -0.81341269
                 13.6292                     -0.80859793
                 13.6441                     -0.80478219
                  13.659                     -0.80263387
                 13.6739                     -0.80243473
                 13.6888                      -0.8039991
                 13.7037                      -0.8067166
                 13.7186                     -0.80969902
                 13.7335                     -0.81200651
                 13.7484                     -0.81288515
                 13.7633                     -0.81196924
                 13.7782                     -0.80937853
                 13.7931                     -0.80569088
                  13.808                     -0.80180088
                 13.8229                     -0.79868525
                 13.8378                     -0.79715683
                 13.8527                     -0.79764923
                 13.8676                     -0.80010269
                 13.8825                     -0.80397377
                 13.8974                     -0.80836342
                 13.9123                     -0.81224192
                 13.9272                     -0.81471638
                 13.9421                     -0.81525728
                  13.957                     -0.81385158
                 13.9719                     -0.81100433
                 13.9868                     -0.80761971
                 14.0017                      -0.8047689
                 14.0166                     -0.80341266
                 14.0315                     -0.80416205
                 14.0464                     -0.80710927
                 14.0613                      -0.8118051
                 14.0762                     -0.81736016
                 14.0911                     -0.82266915
                  14.106                     -0.82669236
                 14.1209                     -0.82872649
                 14.1358                     -0.82859592
                 14.1507                     -0.82670554
                 14.1656                     -0.82394458
                 14.1805                     -0.82145894
                 14.1954                     -0.82036222
                 14.2103                     -0.82144572
                 14.2252                     -0.82497439
                 14.2401                     -0.83061413
                  14.255                     -0.83750395
                 14.2699                     -0.84447024
                 14.2848                     -0.85032217
                 14.2997                     -0.85416206
                 14.3146                     -0.85562511
                 14.3295                     -0.85498361
                 14.3444                     -0.85308351
                 14.3593                     -0.85113563
                 14.3742                     -0.85039924
                 14.3891                     -0.85186519
                  14.404                     -0.85599562
                 14.4189                     -0.86259977
                 14.4338                     -0.87087102
                 14.4487                     -0.87958253
                 14.4636                     -0.88739355
                 14.4785                     -0.89319439
                 14.4934                     -0.89640163
                 14.5083                     -0.89711872
                 14.5232                      -0.8961175
                 14.5381                     -0.89464578
                  14.553                     -0.89410317
                 14.5679                     -0.89568653
                 14.5828                     -0.90007316
                 14.5977                     -0.90724008
                 14.6126                     -0.91645855
                 14.6275                     -0.92646136
                 14.6424                      -0.9357561
                 14.6573                     -0.94300571
                 14.6722                     -0.94737965
                 14.6871                     -0.94877469
                  14.702                     -0.94785768
                 14.7169                     -0.94589345
                 14.7318                     -0.94441643
                 14.7467                     -0.94483998
                 14.7616                     -0.94808188
                 14.7765                     -0.95432206
                 14.7914                     -0.96293904
                 14.8063                     -0.97265328
                 14.8212                     -0.98183387
                 14.8361                     -0.98891458
                  14.851                     -0.99280055
                 14.8659                     -0.99316684
                 14.8808                     -0.99055286
                 14.8957                     -0.98623384
                 14.9106                     -0.98189292
                 14.9255                      -0.9791914
                 14.9404                     -0.97933796
                 14.9553                     -0.98277655
                 14.9702                      -0.9890638
                 14.9851                     -0.99696558
                      15                        -1.00476

