        Frequency / GHz                S1,1/abs,dB
----------------------------------------------------------------------
                     0.1                      0.85708487
                  0.1149                      0.76772161
              0.12980001                      0.66766225
              0.14470001                      0.55766687
                  0.1596                      0.43865321
                  0.1745                      0.31171055
                  0.1894                      0.17812242
                  0.2043                     0.039381519
                  0.2192                     -0.10279189
                  0.2341                     -0.24644327
                   0.249                     -0.38938941
              0.26390001                     -0.52922887
              0.27880001                     -0.66337606
              0.29370001                     -0.78912032
              0.30860001                     -0.90369879
              0.32350001                      -1.0043996
              0.33840001                      -1.0886828
              0.35330001                      -1.1543166
                  0.3682                      -1.1995028
                  0.3831                       -1.223001
                   0.398                      -1.2242142
                  0.4129                      -1.2032372
                  0.4278                       -1.160856
                  0.4427                      -1.0984977
                  0.4576                      -1.0181418
                  0.4725                     -0.92220203
                  0.4874                     -0.81339305
              0.50230002                     -0.69459977
              0.51719999                     -0.56875739
              0.53210002                     -0.43875299
              0.54699999                     -0.30734751
              0.56190002                      -0.1771256
              0.57679999                     -0.05046267
              0.59170002                     0.070485827
              0.60659999                      0.18378561
              0.62150002                      0.28771443
              0.63639998                        0.380743
              0.65130001                      0.46151089
              0.66619998                      0.52881226
              0.68110001                      0.58156278
              0.69599998                      0.61878609
              0.71090001                      0.63958266
              0.72579998                      0.64311628
              0.74070001                      0.62859162
              0.75559998                      0.59523657
                  0.7705                      0.54228267
              0.78539997                      0.46895207
                  0.8003                      0.37443781
              0.81519997                       0.2578849
                  0.8301                      0.11837921
              0.84500003                    -0.045080873
                  0.8599                     -0.23360127
              0.87480003                     -0.44841391
                  0.8897                     -0.69091338
              0.90460002                     -0.96268281
              0.91949999                      -1.2655427
              0.93440002                      -1.6015986
              0.94929999                      -1.9733037
              0.96420002                      -2.3835496
              0.97909999                      -2.8357665
              0.99400002                      -3.3340678
                  1.0089                      -3.8834406
                  1.0238                      -4.4900072
                  1.0387                      -5.1613846
                  1.0536                      -5.9072081
                  1.0685                      -6.7398855
                  1.0834                      -7.6757418
                  1.0983                      -8.7367995
               1.1131999                      -9.9536309
                  1.1281                      -11.370109
                   1.143                      -13.051473
                  1.1579                      -15.097545
               1.1727999                      -17.657241
                  1.1877                      -20.869612
                  1.2026                      -24.054125
                  1.2175                      -23.727308
               1.2323999                      -20.504289
                  1.2473                      -17.526618
                  1.2622                      -15.191846
                  1.2771                      -13.342341
               1.2920001                      -11.837307
                  1.3069                      -10.583567
                  1.3218                      -9.5199633
                  1.3367                      -8.6050553
               1.3516001                      -7.8097281
                  1.3665                      -7.1128363
                  1.3814                      -6.4985585
                  1.3963                      -5.9547499
                  1.4112                      -5.4718779
                  1.4261                      -5.0423018
                   1.441                      -4.6597862
                  1.4559                      -4.3191576
                  1.4708                      -4.0160525
                  1.4857                      -3.7467391
                  1.5006                      -3.5079765
               1.5154999                      -3.2969133
                  1.5304                       -3.111009
                  1.5453                      -2.9479722
                  1.5602                      -2.8057084
               1.5750999                      -2.6822888
                    1.59                      -2.5759136
                  1.6049                       -2.484897
                  1.6198                      -2.4076408
               1.6346999                      -2.3426294
                  1.6496                      -2.2884167
                  1.6645                      -2.2436247
                  1.6794                      -2.2069357
               1.6943001                      -2.1770987
                  1.7092                      -2.1529291
                  1.7241                      -2.1333128
                   1.739                      -2.1172117
               1.7539001                      -2.1036706
                  1.7688                      -2.0918232
                  1.7837                       -2.080895
                  1.7986                      -2.0702156
                  1.8135                      -2.0592109
                  1.8284                      -2.0474134
                  1.8433                      -2.0344569
                  1.8582                      -2.0200768
                  1.8731                      -2.0040997
                   1.888                      -1.9864424
                  1.9029                      -1.9670972
               1.9177999                      -1.9461254
                  1.9327                      -1.9236447
                  1.9476                      -1.8998157
                  1.9625                      -1.8748321
               1.9773999                       -1.848907
                  1.9923                      -1.8222644
                  2.0072                       -1.795129
                  2.0221                      -1.7677171
               2.0369999                      -1.7402286
               2.0518999                      -1.7128422
               2.0668001                       -1.685715
               2.0817001                      -1.6589736
               2.0966001                      -1.6327167
                  2.1115                      -1.6070161
                  2.1264                      -1.5819133
                  2.1413                       -1.557425
               2.1561999                      -1.5335454
               2.1710999                      -1.5102491
               2.1860001                      -1.4874934
               2.2009001                      -1.4652216
                  2.2158                      -1.4433732
                  2.2307                      -1.4218795
                  2.2456                       -1.400671
                  2.2605                      -1.3796829
               2.2753999                      -1.3588545
               2.2902999                      -1.3381322
               2.3052001                       -1.317474
               2.3201001                      -1.2968482
                   2.335                      -1.2762344
                  2.3499                      -1.2556271
                  2.3648                      -1.2350266
               2.3796999                      -1.2144507
               2.3945999                       -1.193921
               2.4094999                      -1.1734709
               2.4244001                      -1.1531357
               2.4393001                      -1.1329572
                  2.4542                      -1.1129771
                  2.4691                       -1.093237
                   2.484                      -1.0737762
               2.4988999                      -1.0546265
               2.5137999                      -1.0358198
               2.5287001                       -1.017375
               2.5436001                     -0.99930824
               2.5585001                     -0.98162295
                  2.5734                      -0.9643186
                  2.5883                     -0.94738392
                  2.6032                     -0.93080361
               2.6180999                      -0.9145562
               2.6329999                     -0.89861528
               2.6479001                     -0.88295269
               2.6628001                     -0.86754159
                  2.6777                     -0.85235531
                  2.6926                     -0.83737037
                  2.7075                     -0.82257135
                  2.7224                     -0.80794904
               2.7372999                     -0.79350315
               2.7521999                     -0.77924655
               2.7671001                     -0.76520065
               2.7820001                     -0.75140158
                  2.7969                     -0.73789826
                  2.8118                     -0.72474921
                  2.8267                     -0.71202852
               2.8415999                     -0.69981813
               2.8564999                     -0.68820993
               2.8714001                     -0.67730589
               2.8863001                     -0.66721004
               2.9012001                     -0.65803073
                  2.9161                     -0.64987806
                   2.931                     -0.64285769
                  2.9459                     -0.63707444
               2.9607999                     -0.63262108
               2.9756999                     -0.62958515
               2.9906001                     -0.62803792
               3.0055001                     -0.62803978
                  3.0204                     -0.62963369
                  3.0353                     -0.63284282
                  3.0502                     -0.63767517
                  3.0651                     -0.64411639
               3.0799999                     -0.65213314
               3.0948999                     -0.66167135
               3.1098001                     -0.67265939
               3.1247001                     -0.68500463
                  3.1396                     -0.69859971
                  3.1545                     -0.71332112
                  3.1694                     -0.72903432
               3.1842999                     -0.74559479
               3.1991999                     -0.76285117
               3.2140999                     -0.78065046
               3.2290001                     -0.79884092
               3.2439001                     -0.81727557
                  3.2588                     -0.83581981
                  3.2737                     -0.85434872
                  3.2886                     -0.87275814
               3.3034999                     -0.89096534
               3.3183999                     -0.90891217
               3.3333001                     -0.92656932
               3.3482001                     -0.94393741
               3.3631001                     -0.96105148
                   3.378                     -0.97797981
                  3.3929                     -0.99482476
                  3.4078                      -1.0117229
               3.4226999                      -1.0288468
               3.4375999                      -1.0463992
               3.4525001                      -1.0646144
               3.4674001                      -1.0837543
                  3.4823                      -1.1041067
                  3.4972                      -1.1259828
                  3.5121                      -1.1497104
                   3.527                      -1.1756375
               3.5418999                      -1.2041201
               3.5567999                      -1.2355288
               3.5717001                      -1.2702403
               3.5866001                      -1.3086353
                  3.6015                      -1.3510972
                  3.6164                      -1.3980134
                  3.6313                      -1.4497679
               3.6461999                      -1.5067437
               3.6610999                      -1.5693256
               3.6760001                      -1.6378929
               3.6909001                      -1.7128248
               3.7058001                      -1.7945008
                  3.7207                      -1.8832983
                  3.7356                      -1.9795983
                  3.7505                      -2.0837863
               3.7653999                      -2.1962503
               3.7802999                      -2.3173907
               3.7952001                      -2.4476137
               3.8101001                      -2.5873438
                   3.825                       -2.737023
                  3.8399                      -2.8971136
                  3.8548                      -3.0681059
                  3.8697                      -3.2505194
               3.8845999                      -3.4449153
               3.8994999                      -3.6518947
               3.9144001                      -3.8721103
               3.9293001                      -4.1062766
                  3.9442                      -4.3551746
                  3.9591                      -4.6196676
                   3.974                       -4.900712
               3.9888999                      -5.1993737
               4.0037999                      -5.5168448
               4.0187001                       -5.854469
               4.0335999                      -6.2137666
               4.0485001                      -6.5964669
               4.0633998                       -7.004551
                  4.0783                      -7.4403021
               4.0932002                      -7.9063681
               4.1080999                      -8.4058464
               4.1230001                      -8.9423881
               4.1378999                      -9.5203368
               4.1528001                      -10.144909
               4.1676998                      -10.822439
                  4.1826                      -11.560707
               4.1975002                      -12.369386
                  4.2124                      -13.260656
               4.2273002                      -14.250031
               4.2421999                      -15.357449
               4.2571001                       -16.60851
               4.2719998                      -18.035219
                  4.2869                       -19.67331
               4.3017998                      -21.544731
                  4.3167                      -23.583507
               4.3316002                      -25.402382
               4.3464999                      -26.057857
               4.3614001                      -25.039901
               4.3762999                      -23.184593
               4.3912001                      -21.284618
               4.4060998                      -19.591105
                   4.421                      -18.128227
               4.4359002                      -16.865956
               4.4507999                       -15.76891
               4.4657001                      -14.806999
               4.4805999                      -13.956442
               4.4955001                      -13.198733
               4.5103998                      -12.519412
                  4.5253                      -11.907057
               4.5402002                      -11.352527
                  4.5551                        -10.8484
               4.5700002                      -10.388569
               4.5848999                      -9.9679401
               4.5998001                      -9.5822115
               4.6146998                      -9.2277028
                  4.6296                      -8.9012341
               4.6444998                      -8.6000234
                  4.6594                      -8.3216138
               4.6743002                      -8.0638192
               4.6891999                      -7.8246711
               4.7041001                      -7.6023893
               4.7189999                      -7.3953527
               4.7339001                      -7.2020779
               4.7487998                      -7.0212011
                  4.7637                      -6.8514684
               4.7786002                      -6.6917229
               4.7934999                      -6.5409024
               4.8084002                      -6.3980306
               4.8232999                      -6.2622144
               4.8382001                      -6.1326443
               4.8530998                      -6.0085908
                   4.868                      -5.8893997
               4.8829002                      -5.7744993
                  4.8978                      -5.6633913
               4.9127002                      -5.5556505
               4.9275999                      -5.4509264
               4.9425001                      -5.3489368
               4.9573998                      -5.2494606
               4.9723001                      -5.1523427
               4.9871998                      -5.0574778
                  5.0021                      -4.9648135
               5.0170002                      -4.8743399
               5.0318999                      -4.7860807
               5.0468001                      -4.7000888
               5.0616999                      -4.6164456
               5.0766001                      -4.5352425
               5.0914998                      -4.4565797
                  5.1064                      -4.3805651
               5.1213002                      -4.3073033
                  5.1362                      -4.2368883
               5.1511002                      -4.1694064
               5.1659999                      -4.1049261
               5.1809001                      -4.0434975
               5.1957998                       -3.985149
                  5.2107                      -3.9298893
               5.2255998                      -3.8776981
                  5.2405                      -3.8285346
               5.2554002                      -3.7823296
               5.2702999                      -3.7389918
               5.2852001                      -3.6984091
               5.3000998                      -3.6604418
               5.3150001                      -3.6249368
               5.3298998                      -3.5917201
                  5.3448                      -3.5606074
               5.3597002                      -3.5313977
               5.3745999                       -3.503888
               5.3895001                      -3.4778674
               5.4043999                      -3.4531265
               5.4193001                      -3.4294597
               5.4341998                      -3.4066662
                  5.4491                      -3.3845553
               5.4640002                      -3.3629526
                  5.4789                      -3.3416973
               5.4938002                      -3.3206483
               5.5086999                      -3.2996866
               5.5236001                      -3.2787136
               5.5384998                      -3.2576541
                  5.5534                      -3.2364579
               5.5682998                      -3.2150961
                  5.5832                      -3.1935621
               5.5981002                      -3.1718703
               5.6129999                      -3.1500538
               5.6279001                      -3.1281617
               5.6427999                      -3.1062546
               5.6577001                      -3.0844095
               5.6725998                      -3.0627032
                  5.6875                      -3.0412238
               5.7024002                      -3.0200543
               5.7172999                      -2.9992796
               5.7322001                      -2.9789802
               5.7470999                      -2.9592268
               5.7620001                      -2.9400829
               5.7768998                      -2.9216004
                  5.7918                      -2.9038181
               5.8067002                      -2.8867611
                  5.8216                      -2.8704426
               5.8365002                      -2.8548575
               5.8513999                      -2.8399899
               5.8663001                       -2.825809
               5.8811998                      -2.8122724
                  5.8961                      -2.7993263
               5.9109998                      -2.7869088
                  5.9259                      -2.7749489
               5.9408002                      -2.7633713
               5.9556999                      -2.7520991
               5.9706001                      -2.7410528
               5.9854999                      -2.7301558
               6.0004001                      -2.7193351
               6.0152998                      -2.7085239
                  6.0302                      -2.6976652
               6.0451002                      -2.6867091
               6.0599999                      -2.6756201
               6.0749002                      -2.6643715
               6.0897999                      -2.6529545
               6.1047001                      -2.6413717
               6.1195998                      -2.6296373
                  6.1345                      -2.6177826
               6.1494002                      -2.6058482
                  6.1643                      -2.5938891
               6.1792002                      -2.5819691
               6.1940999                      -2.5701607
               6.2090001                      -2.5585429
               6.2238998                      -2.5472008
                  6.2388                      -2.5362203
               6.2536998                      -2.5256907
                  6.2686                      -2.5157004
               6.2835002                      -2.5063331
               6.2983999                      -2.4976697
               6.3133001                      -2.4897824
               6.3281999                      -2.4827406
               6.3431001                      -2.4765995
               6.3579998                      -2.4714104
                  6.3729                      -2.4672102
               6.3878002                      -2.4640283
               6.4026999                      -2.4618824
               6.4176002                      -2.4607798
               6.4324999                      -2.4607205
               6.4474001                      -2.4616918
               6.4622998                       -2.463676
                  6.4772                      -2.4666481
               6.4920998                       -2.470575
                   6.507                      -2.4754226
               6.5219002                      -2.4811523
               6.5367999                      -2.4877236
               6.5517001                      -2.4950982
               6.5665998                      -2.5032388
               6.5815001                      -2.5121115
               6.5963998                      -2.5216866
                  6.6113                      -2.5319415
               6.6262002                      -2.5428591
               6.6410999                      -2.5544329
               6.6560001                      -2.5666627
               6.6708999                      -2.5795565
               6.6858001                      -2.5931351
               6.7006998                       -2.607428
                  6.7156                      -2.6224698
               6.7305002                       -2.638309
                  6.7454                      -2.6549998
               6.7603002                      -2.6726032
               6.7751999                      -2.6911875
               6.7901001                      -2.7108258
               6.8049998                      -2.7315948
                  6.8199                      -2.7535763
               6.8347998                       -2.776852
                  6.8497                      -2.8015038
               6.8646002                      -2.8276124
               6.8794999                      -2.8552589
               6.8944001                      -2.8845195
               6.9092999                      -2.9154676
               6.9242001                      -2.9481707
               6.9390998                      -2.9826934
                   6.954                      -3.0190913
               6.9689002                       -3.057417
               6.9837999                      -3.0977158
               6.9987001                      -3.1400256
               7.0135999                      -3.1843799
               7.0285001                      -3.2308055
               7.0433998                      -3.2793234
                  7.0583                       -3.329951
               7.0732002                      -3.3826999
                  7.0881                      -3.4375793
               7.1030002                      -3.4945945
               7.1178999                      -3.5537498
               7.1328001                      -3.6150467
               7.1476998                      -3.6784901
                  7.1626                      -3.7440815
               7.1774998                       -3.811824
                  7.1924                      -3.8817261
               7.2073002                      -3.9537949
               7.2221999                      -4.0280438
               7.2371001                      -4.1044869
               7.2519999                       -4.183144
               7.2669001                      -4.2640387
               7.2817998                       -4.347199
                  7.2967                      -4.4326564
               7.3116002                      -4.5204459
               7.3264999                      -4.6106057
               7.3414001                      -4.7031778
               7.3562999                      -4.7982064
               7.3712001                      -4.8957359
               7.3860998                      -4.9958116
                   7.401                      -5.0984823
               7.4159002                      -5.2037901
                  7.4308                       -5.311779
               7.4457002                      -5.4224888
               7.4605999                      -5.5359568
               7.4755001                      -5.6522154
               7.4903998                      -5.7712887
                  7.5053                      -5.8931981
               7.5201998                       -6.017958
                  7.5351                      -6.1455738
               7.5500002                       -6.276044
               7.5648999                        -6.40936
               7.5798001                      -6.5455022
               7.5946999                      -6.6844481
               7.6096001                      -6.8261623
               7.6244998                      -6.9706043
                  7.6394                      -7.1177261
               7.6543002                      -7.2674734
               7.6691999                       -7.419786
               7.6841002                      -7.5745991
               7.6989999                      -7.7318425
               7.7139001                      -7.8914453
               7.7287998                      -8.0533329
                  7.7437                      -8.2174287
               7.7586002                      -8.3836566
                  7.7735                      -8.5519402
               7.7884002                      -8.7222026
               7.8032999                      -8.8943682
               7.8182001                       -9.068362
               7.8330998                       -9.244107
                   7.848                      -9.4215279
               7.8628998                      -9.6005425
                  7.8778                      -9.7810657
               7.8927002                      -9.9630051
               7.9075999                      -10.146255
               7.9225001                      -10.330696
               7.9373999                      -10.516188
               7.9523001                      -10.702566
               7.9671998                      -10.889634
                  7.9821                      -11.077154
               7.9970002                      -11.264852
               8.0118999                      -11.452389
               8.0268002                      -11.639374
               8.0417004                      -11.825348
               8.0565996                      -12.009773
               8.0714998                      -12.192032
                  8.0864                      -12.371424
               8.1013002                      -12.547153
               8.1162004                      -12.718339
               8.1310997                      -12.884015
               8.1459999                      -13.043132
               8.1609001                      -13.194577
               8.1758003                      -13.337187
               8.1906996                      -13.469773
               8.2055998                      -13.591146
                  8.2205                       -13.70016
               8.2354002                      -13.795738
               8.2503004                      -13.876921
               8.2651997                      -13.942898
               8.2800999                      -13.993053
               8.2950001                      -14.026985
               8.3099003                      -14.044537
               8.3247995                      -14.045804
               8.3396997                      -14.031132
                  8.3546                      -14.001111
               8.3695002                      -13.956546
               8.3844004                      -13.898434
               8.3992996                      -13.827925
               8.4141998                      -13.746282
                  8.4291                      -13.654838
               8.4440002                      -13.554967
               8.4589005                      -13.448038
               8.4737997                      -13.335394
               8.4886999                      -13.218321
               8.5036001                      -13.098036
               8.5185003                      -12.975665
               8.5333996                      -12.852241
               8.5482998                      -12.728695
                  8.5632                      -12.605853
               8.5781002                      -12.484439
               8.5930004                      -12.365075
               8.6078997                      -12.248285
               8.6227999                      -12.134498
               8.6377001                      -12.024056
               8.6526003                      -11.917212
               8.6674995                      -11.814138
               8.6823997                      -11.714931
                  8.6973                      -11.619611
               8.7122002                      -11.528129
               8.7271004                      -11.440371
               8.7419996                      -11.356152
               8.7568998                      -11.275235
                  8.7718                      -11.197315
               8.7867002                       -11.12204
               8.8016005                         -11.049
               8.8164997                      -10.977743
               8.8313999                      -10.907768
               8.8463001                      -10.838546
               8.8612003                       -10.76951
               8.8760996                      -10.700074
               8.8909998                      -10.629642
                  8.9059                      -10.557612
               8.9208002                      -10.483393
               8.9357004                       -10.40641
               8.9505997                      -10.326124
               8.9654999                      -10.242041
               8.9804001                      -10.153722
               8.9953003                      -10.060798
               9.0101995                      -9.9629731
               9.0250998                      -9.8600445
                    9.04                      -9.7518911
               9.0549002                      -9.6384916
               9.0698004                      -9.5199161
               9.0846996                       -9.396326
               9.0995998                      -9.2679676
                  9.1145                      -9.1351669
               9.1294003                      -8.9983199
               9.1443005                      -8.8578773
               9.1591997                      -8.7143382
               9.1740999                      -8.5682368
               9.1890001                      -8.4201283
               9.2039003                      -8.2705776
               9.2187996                      -8.1201529
               9.2336998                      -7.9694098
                  9.2486                      -7.8188862
               9.2635002                      -7.6690963
               9.2784004                       -7.520523
               9.2932997                      -7.3736138
               9.3081999                       -7.228779
               9.3231001                      -7.0863864
               9.3380003                      -6.9467652
               9.3528996                      -6.8101996
               9.3677998                      -6.6769344
                  9.3827                      -6.5471738
               9.3976002                      -6.4210818
               9.4125004                      -6.2987867
               9.4273996                      -6.1803798
               9.4422998                       -6.065922
               9.4572001                      -5.9554425
               9.4721003                      -5.8489439
               9.4870005                       -5.746402
               9.5018997                      -5.6477726
               9.5167999                      -5.5529927
               9.5317001                      -5.4619812
               9.5466003                      -5.3746427
               9.5614996                      -5.2908722
               9.5763998                      -5.2105564
                  9.5913                      -5.1335758
               9.6062002                      -5.0598074
               9.6211004                      -4.9891266
               9.6359997                      -4.9214097
               9.6508999                      -4.8565375
               9.6658001                      -4.7943955
               9.6807003                      -4.7348713
               9.6955996                       -4.677866
               9.7104998                      -4.6232852
                  9.7254                      -4.5710453
               9.7403002                      -4.5210707
               9.7552004                      -4.4732985
               9.7700996                      -4.4276729
               9.7849998                      -4.3841484
               9.7999001                      -4.3426895
               9.8148003                       -4.303265
               9.8297005                      -4.2658539
               9.8445997                      -4.2304386
               9.8594999                      -4.1970075
               9.8744001                      -4.1655493
               9.8893003                      -4.1360539
               9.9041996                      -4.1085118
               9.9190998                      -4.0829117
                   9.934                      -4.0592339
               9.9489002                      -4.0374596
               9.9638004                      -4.0175583
               9.9786997                      -3.9994926
               9.9935999                      -3.9832182
                 10.0085                      -3.9686781
                 10.0234                      -3.9558069
                 10.0383                      -3.9445267
                 10.0532                       -3.934749
                 10.0681                      -3.9263736
                  10.083                      -3.9192929
                 10.0979                      -3.9133847
                 10.1128                      -3.9085224
                 10.1277                      -3.9045698
                 10.1426                       -3.901384
                 10.1575                      -3.8988201
                 10.1724                      -3.8967265
                 10.1873                      -3.8949545
                 10.2022                      -3.8933547
                 10.2171                      -3.8917823
                  10.232                      -3.8900982
                 10.2469                      -3.8881683
                 10.2618                      -3.8858703
                 10.2767                       -3.883092
                 10.2916                      -3.8797342
                 10.3065                      -3.8757114
                 10.3214                      -3.8709517
                 10.3363                       -3.865399
                 10.3512                      -3.8590111
                 10.3661                      -3.8517638
                  10.381                      -3.8436456
                 10.3959                      -3.8346578
                 10.4108                      -3.8248145
                 10.4257                      -3.8141427
                 10.4406                      -3.8026778
                 10.4555                      -3.7904607
                 10.4704                      -3.7775402
                 10.4853                      -3.7639701
                 10.5002                       -3.749803
                 10.5151                      -3.7350943
                   10.53                      -3.7198956
                 10.5449                      -3.7042574
                 10.5598                      -3.6882249
                 10.5747                      -3.6718387
                 10.5896                      -3.6551317
                 10.6045                      -3.6381332
                 10.6194                      -3.6208636
                 10.6343                      -3.6033367
                 10.6492                      -3.5855633
                 10.6641                      -3.5675455
                  10.679                      -3.5492802
                 10.6939                      -3.5307668
                 10.7088                      -3.5119961
                 10.7237                      -3.4929605
                 10.7386                      -3.4736566
                 10.7535                      -3.4540762
                 10.7684                      -3.4342218
                 10.7833                       -3.414096
                 10.7982                      -3.3937103
                 10.8131                      -3.3730809
                  10.828                      -3.3522352
                 10.8429                      -3.3312065
                 10.8578                      -3.3100406
                 10.8727                      -3.2887873
                 10.8876                      -3.2675121
                 10.9025                       -3.246284
                 10.9174                      -3.2251827
                 10.9323                       -3.204297
                 10.9472                      -3.1837175
                 10.9621                      -3.1635458
                  10.977                      -3.1438828
                 10.9919                      -3.1248356
                 11.0068                      -3.1065105
                 11.0217                      -3.0890165
                 11.0366                      -3.0724592
                 11.0515                      -3.0569417
                 11.0664                      -3.0425649
                 11.0813                      -3.0294262
                 11.0962                      -3.0176139
                 11.1111                      -3.0072131
                  11.126                      -2.9983025
                 11.1409                      -2.9909525
                 11.1558                      -2.9852253
                 11.1707                      -2.9811805
                 11.1856                      -2.9788667
                 11.2005                      -2.9783277
                 11.2154                      -2.9796021
                 11.2303                       -2.982722
                 11.2452                      -2.9877173
                 11.2601                      -2.9946115
                  11.275                      -3.0034293
                 11.2899                      -3.0141899
                 11.3048                      -3.0269149
                 11.3197                      -3.0416258
                 11.3346                       -3.058343
                 11.3495                      -3.0770934
                 11.3644                      -3.0979015
                 11.3793                      -3.1207984
                 11.3942                       -3.145819
                 11.4091                      -3.1730007
                  11.424                       -3.202386
                 11.4389                      -3.2340199
                 11.4538                      -3.2679528
                 11.4687                      -3.3042366
                 11.4836                      -3.3429263
                 11.4985                      -3.3840794
                 11.5134                      -3.4277502
                 11.5283                      -3.4739962
                 11.5432                      -3.5228709
                 11.5581                      -3.5744249
                  11.573                      -3.6287039
                 11.5879                      -3.6857444
                 11.6028                      -3.7455803
                 11.6177                      -3.8082321
                 11.6326                      -3.8737105
                 11.6475                      -3.9420133
                 11.6624                      -4.0131259
                 11.6773                        -4.08702
                 11.6922                      -4.1636501
                 11.7071                      -4.2429577
                  11.722                       -4.324867
                 11.7369                      -4.4092858
                 11.7518                      -4.4961095
                 11.7667                      -4.5852158
                 11.7816                      -4.6764732
                 11.7965                      -4.7697358
                 11.8114                      -4.8648524
                 11.8263                      -4.9616619
                 11.8412                      -5.0600045
                 11.8561                      -5.1597175
                  11.871                       -5.260643
                 11.8859                      -5.3626346
                 11.9008                      -5.4655587
                 11.9157                      -5.5692977
                 11.9306                      -5.6737565
                 11.9455                        -5.77887
                 11.9604                       -5.884603
                 11.9753                       -5.990953
                 11.9902                      -6.0979605
                 12.0051                      -6.2057048
                   12.02                      -6.3143085
                 12.0349                      -6.4239414
                 12.0498                       -6.534818
                 12.0647                      -6.6471987
                 12.0796                      -6.7613889
                 12.0945                      -6.8777359
                 12.1094                      -6.9966308
                 12.1243                      -7.1185032
                 12.1392                      -7.2438171
                 12.1541                      -7.3730721
                  12.169                      -7.5067968
                 12.1839                       -7.645546
                 12.1988                      -7.7899001
                 12.2137                      -7.9404619
                 12.2286                      -8.0978525
                 12.2435                      -8.2627119
                 12.2584                      -8.4357007
                 12.2733                      -8.6174924
                 12.2882                      -8.8087815
                 12.3031                      -9.0102809
                  12.318                      -9.2227249
                 12.3329                      -9.4468713
                 12.3478                      -9.6835079
                 12.3627                      -9.9334526
                 12.3776                      -10.197561
                 12.3925                      -10.476734
                 12.4074                      -10.771923
                 12.4223                      -11.084136
                 12.4372                      -11.414447
                 12.4521                      -11.764005
                  12.467                      -12.134036
                 12.4819                      -12.525853
                 12.4968                      -12.940846
                 12.5117                      -13.380489
                 12.5266                      -13.846306
                 12.5415                      -14.339835
                 12.5564                       -14.86255
                 12.5713                      -15.415722
                 12.5862                      -16.000191
                 12.6011                      -16.615985
                  12.616                      -17.261715
                 12.6309                      -17.933606
                 12.6458                      -18.624042
                 12.6607                      -19.319484
                 12.6756                      -19.997849
                 12.6905                      -20.626001
                 12.7054                      -21.159126
                 12.7203                      -21.545091
                 12.7352                      -21.736158
                 12.7501                      -21.705465
                  12.765                       -21.45851
                 12.7799                      -21.030668
                 12.7948                      -20.472769
                 12.8097                       -19.83541
                 12.8246                      -19.159697
                 12.8395                      -18.474892
                 12.8544                      -17.799932
                 12.8693                      -17.146111
                 12.8842                      -16.519558
                 12.8991                      -15.923104
                  12.914                      -15.357569
                 12.9289                      -14.822588
                 12.9438                      -14.317139
                 12.9587                      -13.839863
                 12.9736                      -13.389266
                 12.9885                      -12.963817
                 13.0034                      -12.562031
                 13.0183                       -12.18249
                 13.0332                      -11.823862
                 13.0481                      -11.484908
                  13.063                      -11.164479
                 13.0779                       -10.86151
                 13.0928                      -10.575012
                 13.1077                      -10.304067
                 13.1226                      -10.047816
                 13.1375                      -9.8054574
                 13.1524                      -9.5762335
                 13.1673                      -9.3594304
                 13.1822                      -9.1543651
                 13.1971                      -8.9603892
                  13.212                      -8.7768805
                 13.2269                      -8.6032384
                 13.2418                      -8.4388857
                 13.2567                      -8.2832614
                 13.2716                      -8.1358225
                 13.2865                      -7.9960466
                 13.3014                      -7.8634223
                 13.3163                      -7.7374607
                 13.3312                      -7.6176876
                 13.3461                      -7.5036484
                  13.361                      -7.3949082
                 13.3759                      -7.2910548
                 13.3908                      -7.1916981
                 13.4057                      -7.0964745
                 13.4206                      -7.0050451
                 13.4355                      -6.9170992
                 13.4504                       -6.832355
                 13.4653                      -6.7505605
                 13.4802                      -6.6714923
                 13.4951                      -6.5949565
                   13.51                      -6.5207895
                 13.5249                      -6.4488531
                 13.5398                      -6.3790375
                 13.5547                      -6.3112528
                 13.5696                      -6.2454345
                 13.5845                      -6.1815318
                 13.5994                      -6.1195105
                 13.6143                      -6.0593469
                 13.6292                       -6.001024
                 13.6441                      -5.9445292
                  13.659                      -5.8898472
                 13.6739                       -5.836961
                 13.6888                      -5.7858449
                 13.7037                      -5.7364637
                 13.7186                       -5.688769
                 13.7335                      -5.6426996
                 13.7484                      -5.5981742
                 13.7633                      -5.5550974
                 13.7782                      -5.5133561
                 13.7931                      -5.4728166
                  13.808                      -5.4333354
                 13.8229                       -5.394748
                 13.8378                      -5.3568825
                 13.8527                      -5.3195582
                 13.8676                      -5.2825841
                 13.8825                      -5.2457723
                 13.8974                      -5.2089368
                 13.9123                      -5.1718955
                 13.9272                       -5.134482
                 13.9421                      -5.0965436
                  13.957                      -5.0579481
                 13.9719                      -5.0185883
                 13.9868                      -4.9783837
                 14.0017                      -4.9372832
                 14.0166                      -4.8952681
                 14.0315                      -4.8523521
                 14.0464                      -4.8085823
                 14.0613                       -4.764036
                 14.0762                      -4.7188203
                 14.0911                      -4.6730707
                  14.106                      -4.6269447
                 14.1209                      -4.5806214
                 14.1358                      -4.5342918
                 14.1507                      -4.4881577
                 14.1656                       -4.442426
                 14.1805                      -4.3973026
                 14.1954                      -4.3529887
                 14.2103                      -4.3096721
                 14.2252                      -4.2675268
                 14.2401                      -4.2267077
                  14.255                      -4.1873454
                 14.2699                      -4.1495456
                 14.2848                      -4.1133821
                 14.2997                       -4.078902
                 14.3146                      -4.0461172
                 14.3295                      -4.0150104
                 14.3444                      -3.9855292
                 14.3593                      -3.9575915
                 14.3742                      -3.9310875
                 14.3891                      -3.9058769
                  14.404                      -3.8817963
                 14.4189                      -3.8586649
                 14.4338                      -3.8362814
                 14.4487                      -3.8144358
                 14.4636                      -3.7929092
                 14.4785                      -3.7714841
                 14.4934                      -3.7499441
                 14.5083                       -3.728084
                 14.5232                      -3.7057132
                 14.5381                      -3.6826597
                  14.553                       -3.658778
                 14.5679                      -3.6339464
                 14.5828                      -3.6080785
                 14.5977                      -3.5811178
                 14.6126                       -3.553043
                 14.6275                      -3.5238675
                 14.6424                      -3.4936342
                 14.6573                      -3.4624233
                 14.6722                      -3.4303369
                 14.6871                      -3.3975071
                  14.702                      -3.3640845
                 14.7169                      -3.3302347
                 14.7318                      -3.2961378
                 14.7467                      -3.2619749
                 14.7616                      -3.2279321
                 14.7765                       -3.194188
                 14.7914                      -3.1609143
                 14.8063                      -3.1282698
                 14.8212                       -3.096397
                 14.8361                      -3.0654162
                  14.851                      -3.0354287
                 14.8659                      -3.0065119
                 14.8808                      -2.9787181
                 14.8957                      -2.9520726
                 14.9106                      -2.9265809
                 14.9255                      -2.9022232
                 14.9404                      -2.8789575
                 14.9553                      -2.8567257
                 14.9702                      -2.8354493
                 14.9851                      -2.8150416
                      15                      -2.7954046

