        Frequency / GHz                S1,1/abs,dB
----------------------------------------------------------------------
                     0.1                    -0.028540022
                  0.1149                     -0.03875307
              0.12980001                    -0.049724377
              0.14470001                    -0.061222782
                  0.1596                    -0.073001869
                  0.1745                    -0.084805517
                  0.1894                    -0.096374538
                  0.2043                     -0.10745058
                  0.2192                     -0.11778506
                  0.2341                     -0.12713902
                   0.249                      -0.1352951
              0.26390001                     -0.14205889
              0.27880001                     -0.14726679
              0.29370001                     -0.15078852
              0.30860001                      -0.1525314
              0.32350001                     -0.15244584
              0.33840001                     -0.15052348
              0.35330001                     -0.14680005
                  0.3682                     -0.14135589
                  0.3831                      -0.1343118
                   0.398                     -0.12582983
                  0.4129                     -0.11610877
                  0.4278                     -0.10537747
                  0.4427                    -0.093892693
                  0.4576                    -0.081933236
                  0.4725                     -0.06979209
                  0.4874                    -0.057769565
              0.50230002                    -0.046171799
              0.51719999                    -0.035297847
              0.53210002                    -0.025434332
              0.54699999                    -0.016858462
              0.56190002                   -0.0098194784
              0.57679999                   -0.0045408656
              0.59170002                   -0.0012155919
              0.60659999                    -9.35171e-08
              0.62150002                   -0.0010123025
              0.63639998                   -0.0043269909
              0.65130001                   -0.0099759821
              0.66619998                    -0.017945215
              0.68110001                     -0.02817228
              0.69599998                    -0.040550951
              0.71090001                    -0.054926605
              0.72579998                    -0.071103255
              0.74070001                    -0.088841757
              0.75559998                      -0.1078696
                  0.7705                     -0.12787686
              0.78539997                     -0.14853362
                  0.8003                     -0.16948814
              0.81519997                     -0.19038079
                  0.8301                     -0.21085153
              0.84500003                     -0.23055121
                  0.8599                     -0.24915087
              0.87480003                     -0.26635711
                  0.8897                     -0.28192066
              0.90460002                     -0.29564547
              0.91949999                     -0.30740416
              0.93440002                     -0.31714366
              0.94929999                      -0.3248936
              0.96420002                     -0.33076987
              0.97909999                     -0.33498101
              0.99400002                       -0.337826
                  1.0089                     -0.33969613
                  1.0238                     -0.34106822
                  1.0387                     -0.34250107
                  1.0536                     -0.34463011
                  1.0685                     -0.34815683
                  1.0834                     -0.35384136
                  1.0983                     -0.36249594
               1.1131999                     -0.37497042
                  1.1281                     -0.39215251
                   1.143                     -0.41495398
                  1.1579                     -0.44430664
               1.1727999                     -0.48115875
                  1.1877                     -0.52647101
                  1.2026                      -0.5812147
                  1.2175                     -0.64637258
               1.2323999                     -0.72293788
                  1.2473                     -0.81191784
                  1.2622                     -0.91434079
                  1.2771                      -1.0312579
               1.2920001                      -1.1637559
                  1.3069                      -1.3129612
                  1.3218                      -1.4800554
                  1.3367                       -1.666289
               1.3516001                      -1.8729968
                  1.3665                      -2.1016161
                  1.3814                      -2.3537142
                  1.3963                      -2.6310165
                  1.4112                      -2.9354381
                  1.4261                      -3.2691308
                   1.441                      -3.6345358
                  1.4559                      -4.0344475
                  1.4708                      -4.4721028
                  1.4857                      -4.9512887
                  1.5006                      -5.4764834
               1.5154999                      -6.0530423
                  1.5304                      -6.6874439
                  1.5453                      -7.3876248
                  1.5602                      -8.1634216
               1.5750999                      -9.0271785
                    1.59                      -9.9945342
                  1.6049                      -11.085407
                  1.6198                       -12.32494
               1.6346999                      -13.743428
                  1.6496                      -15.371316
                  1.6645                      -17.215041
                  1.6794                      -19.167054
               1.6943001                       -20.76865
                  1.7092                      -21.128253
                  1.7241                      -19.994316
                   1.739                      -18.197864
               1.7539001                      -16.395344
                  1.7688                      -14.790302
                  1.7837                      -13.402336
                  1.7986                      -12.205173
                  1.8135                       -11.16728
                  1.8284                      -10.261367
                  1.8433                      -9.4655486
                  1.8582                      -8.7625965
                  1.8731                      -8.1389096
                   1.888                      -7.5836481
                  1.9029                      -7.0880594
               1.9177999                      -6.6449737
                  1.9327                      -6.2484359
                  1.9476                      -5.8934207
                  1.9625                      -5.5756305
               1.9773999                      -5.2913332
                  1.9923                      -5.0372428
                  2.0072                      -4.8104218
                  2.0221                      -4.6082153
               2.0369999                      -4.4281857
               2.0518999                       -4.268073
               2.0668001                      -4.1257586
               2.0817001                      -3.9992453
               2.0966001                      -3.8866302
                  2.1115                      -3.7861016
                  2.1264                      -3.6959305
                  2.1413                      -3.6144658
               2.1561999                      -3.5401457
               2.1710999                      -3.4714955
               2.1860001                      -3.4071501
               2.2009001                      -3.3458527
                  2.2158                      -3.2864792
                  2.2307                       -3.228044
                  2.2456                      -3.1697138
                  2.2605                      -3.1108157
               2.2753999                      -3.0508439
               2.2902999                      -2.9894581
               2.3052001                      -2.9264832
               2.3201001                      -2.8618947
                   2.335                      -2.7958138
                  2.3499                       -2.728486
                  2.3648                      -2.6602593
               2.3796999                      -2.5915707
               2.3945999                      -2.5229169
               2.4094999                       -2.454833
               2.4244001                      -2.3878753
               2.4393001                      -2.3225949
                  2.4542                      -2.2595256
                  2.4691                      -2.1991648
                   2.484                      -2.1419598
               2.4988999                      -2.0882997
               2.5137999                      -2.0385039
               2.5287001                      -1.9928185
               2.5436001                      -1.9514123
               2.5585001                        -1.91437
                  2.5734                      -1.8816942
                  2.5883                      -1.8533086
                  2.6032                      -1.8290559
               2.6180999                      -1.8087021
               2.6329999                      -1.7919434
               2.6479001                      -1.7784096
               2.6628001                      -1.7676734
                  2.6777                      -1.7592597
                  2.6926                      -1.7526534
                  2.7075                      -1.7473127
                  2.7224                      -1.7426794
               2.7372999                      -1.7381992
               2.7521999                       -1.733324
               2.7671001                      -1.7275369
               2.7820001                      -1.7203605
                  2.7969                      -1.7113733
                  2.8118                      -1.7002174
                  2.8267                      -1.6866133
               2.8415999                      -1.6703626
               2.8564999                      -1.6513567
               2.8714001                      -1.6295767
               2.8863001                      -1.6050908
               2.9012001                      -1.5780525
                  2.9161                      -1.5486915
                   2.931                      -1.5173033
                  2.9459                      -1.4842403
               2.9607999                      -1.4498965
               2.9756999                      -1.4146933
               2.9906001                      -1.3790702
               3.0055001                      -1.3434651
                  3.0204                      -1.3083051
                  3.0353                      -1.2739932
                  3.0502                       -1.240902
                  3.0651                      -1.2093563
               3.0799999                      -1.1796337
               3.0948999                      -1.1519557
               3.1098001                      -1.1264841
               3.1247001                      -1.1033152
                  3.1396                      -1.0824833
                  3.1545                      -1.0639585
                  3.1694                      -1.0476478
               3.1842999                      -1.0333993
               3.1991999                      -1.0210065
               3.2140999                      -1.0102154
               3.2290001                      -1.0007269
               3.2439001                      -0.9922077
                  3.2588                     -0.98430164
                  3.2737                     -0.97663532
                  3.2886                     -0.96883016
               3.3034999                     -0.96051484
               3.3183999                     -0.95133543
               3.3333001                     -0.94096478
               3.3482001                     -0.92911584
               3.3631001                     -0.91554863
                   3.378                     -0.90007708
                  3.3929                     -0.88257944
                  3.4078                     -0.86299696
               3.4226999                     -0.84134039
               3.4375999                     -0.81768647
               3.4525001                     -0.79217611
               3.4674001                      -0.7650111
                  3.4823                     -0.73644521
                  3.4972                     -0.70677755
                  3.5121                     -0.67634248
                   3.527                     -0.64550134
               3.5418999                     -0.61462752
               3.5567999                     -0.58410169
               3.5717001                     -0.55429729
               3.5866001                     -0.52557296
                  3.6015                      -0.4982637
                  3.6164                     -0.47267054
                  3.6313                     -0.44905806
               3.6461999                     -0.42764428
               3.6610999                     -0.40859996
               3.6760001                     -0.39204322
               3.6909001                     -0.37803738
               3.7058001                     -0.36659105
                  3.7207                     -0.35765753
                  3.7356                     -0.35113712
                  3.7505                     -0.34687858
               3.7653999                      -0.3446822
               3.7802999                      -0.3443071
               3.7952001                     -0.34547526
               3.8101001                     -0.34787595
                   3.825                     -0.35117946
                  3.8399                     -0.35504072
                  3.8548                     -0.35911052
                  3.8697                     -0.36304269
               3.8845999                     -0.36650804
               3.8994999                     -0.36920255
               3.9144001                     -0.37085456
               3.9293001                     -0.37123488
                  3.9442                     -0.37016736
                  3.9591                     -0.36752838
                   3.974                     -0.36325684
               3.9888999                     -0.35735478
               4.0037999                     -0.34988528
               4.0187001                     -0.34097417
               4.0335999                     -0.33080799
               4.0485001                      -0.3196225
               4.0633998                     -0.30770035
                  4.0783                     -0.29536309
               4.0932002                     -0.28296066
               4.1080999                     -0.27086053
               4.1230001                     -0.25944346
               4.1378999                     -0.24908624
               4.1528001                     -0.24015949
               4.1676998                      -0.2330113
                  4.1826                     -0.22797014
               4.1975002                     -0.22532587
                  4.2124                     -0.22533025
               4.2273002                     -0.22819321
               4.2421999                      -0.2340745
               4.2571001                     -0.24308109
               4.2719998                     -0.25527218
                  4.2869                     -0.27064958
               4.3017998                     -0.28916279
                  4.3167                     -0.31071065
               4.3316002                     -0.33514477
               4.3464999                     -0.36227135
               4.3614001                     -0.39185976
               4.3762999                     -0.42364366
               4.3912001                     -0.45733569
               4.4060998                      -0.4926324
                   4.421                     -0.52922304
               4.4359002                     -0.56680293
               4.4507999                     -0.60508589
               4.4657001                     -0.64381041
               4.4805999                     -0.68275833
               4.4955001                     -0.72175929
               4.5103998                     -0.76070746
                  4.5253                     -0.79956431
               4.5402002                     -0.83837384
                  4.5551                     -0.87726085
               4.5700002                     -0.91643867
               4.5848999                     -0.95620849
               4.5998001                     -0.99696328
               4.6146998                      -1.0391775
                  4.6296                      -1.0834068
               4.6444998                      -1.1302831
                  4.6594                      -1.1805015
               4.6743002                      -1.2348204
               4.6891999                      -1.2940423
               4.7041001                      -1.3590149
               4.7189999                      -1.4306154
               4.7339001                      -1.5097472
               4.7487998                      -1.5973317
                  4.7637                      -1.6942985
               4.7786002                      -1.8015851
               4.7934999                      -1.9201273
               4.8084002                      -2.0508581
               4.8232999                      -2.1947009
               4.8382001                      -2.3525652
               4.8530998                      -2.5253434
                   4.868                      -2.7139009
               4.8829002                      -2.9190703
                  4.8978                      -3.1416342
               4.9127002                      -3.3823123
               4.9275999                      -3.6417339
               4.9425001                      -3.9204007
               4.9573998                      -4.2186409
               4.9723001                      -4.5365395
               4.9871998                      -4.8738423
                  5.0021                      -5.2298333
               5.0170002                      -5.6031721
               5.0318999                      -5.9916692
               5.0468001                       -6.392019
               5.0616999                       -6.799481
               5.0766001                       -7.207522
               5.0914998                      -7.6074939
                  5.1064                      -7.9884328
               5.1213002                      -8.3371512
                  5.1362                      -8.6388223
               5.1511002                      -8.8782299
               5.1659999                      -9.0416573
               5.1809001                      -9.1191232
               5.1957998                      -9.1062988
                  5.2107                      -9.0054231
               5.2255998                      -8.8248191
                  5.2405                      -8.5772283
               5.2554002                      -8.2775979
               5.2702999                       -7.941028
               5.2852001                      -7.5813005
               5.3000998                      -7.2101001
               5.3150001                      -6.8367817
               5.3298998                      -6.4684998
                  5.3448                       -6.110507
               5.3597002                      -5.7665052
               5.3745999                       -5.438982
               5.3895001                      -5.1294969
               5.4043999                      -4.8389206
               5.4193001                       -4.567607
               5.4341998                      -4.3155394
                  5.4491                        -4.08243
               5.4640002                      -3.8677929
                  5.4789                      -3.6710059
               5.4938002                      -3.4913432
               5.5086999                      -3.3280072
               5.5236001                      -3.1801485
               5.5384998                      -3.0468818
                  5.5534                      -2.9272927
               5.5682998                      -2.8204499
                  5.5832                      -2.7254082
               5.5981002                      -2.6412181
               5.6129999                      -2.5669237
               5.6279001                      -2.5015758
               5.6427999                       -2.444233
               5.6577001                      -2.3939678
               5.6725998                      -2.3498733
                  5.6875                      -2.3110718
               5.7024002                      -2.2767218
               5.7172999                      -2.2460263
               5.7322001                      -2.2182378
               5.7470999                       -2.192671
               5.7620001                      -2.1687102
               5.7768998                      -2.1458089
                  5.7918                       -2.123504
               5.8067002                      -2.1014123
                  5.8216                      -2.0792368
               5.8365002                      -2.0567628
               5.8513999                      -2.0338611
               5.8663001                      -2.0104767
               5.8811998                      -1.9866285
                  5.8961                      -1.9623986
               5.9109998                      -1.9379231
                  5.9259                      -1.9133853
               5.9408002                      -1.8890011
               5.9556999                      -1.8650121
               5.9706001                      -1.8416704
               5.9854999                      -1.8192354
               6.0004001                      -1.7979565
               6.0152998                      -1.7780714
                  6.0302                      -1.7597947
               6.0451002                       -1.743313
               6.0599999                      -1.7287811
               6.0749002                      -1.7163152
               6.0897999                       -1.705993
               6.1047001                      -1.6978522
               6.1195998                      -1.6918875
                  6.1345                      -1.6880518
               6.1494002                      -1.6862628
                  6.1643                      -1.6863972
               6.1792002                         -1.6883
               6.1940999                      -1.6917882
               6.2090001                      -1.6966527
               6.2238998                      -1.7026653
                  6.2388                      -1.7095842
               6.2536998                      -1.7171618
                  6.2686                      -1.7251457
               6.2835002                      -1.7332916
               6.2983999                      -1.7413675
               6.3133001                      -1.7491544
               6.3281999                      -1.7564591
               6.3431001                      -1.7631155
               6.3579998                      -1.7689868
                  6.3729                      -1.7739725
               6.3878002                      -1.7780066
               6.4026999                      -1.7810597
               6.4176002                      -1.7831417
               6.4324999                      -1.7842929
               6.4474001                      -1.7845904
               6.4622998                      -1.7841403
                  6.4772                      -1.7830721
               6.4920998                      -1.7815372
                   6.507                      -1.7797031
               6.5219002                      -1.7777464
               6.5367999                      -1.7758507
               6.5517001                      -1.7741967
               6.5665998                      -1.7729625
               6.5815001                      -1.7723125
               6.5963998                      -1.7723995
                  6.6113                      -1.7733597
               6.6262002                      -1.7753065
               6.6410999                      -1.7783276
               6.6560001                       -1.782492
               6.6708999                      -1.7878389
               6.6858001                      -1.7943829
               6.7006998                      -1.8021115
                  6.7156                      -1.8109927
               6.7305002                       -1.820965
                  6.7454                      -1.8319531
               6.7603002                      -1.8438598
               6.7751999                      -1.8565756
               6.7901001                       -1.869979
               6.8049998                      -1.8839415
                  6.8199                      -1.8983313
               6.8347998                      -1.9130196
                  6.8497                      -1.9278781
               6.8646002                      -1.9427912
               6.8794999                      -1.9576523
               6.8944001                      -1.9723728
               6.9092999                      -1.9868803
               6.9242001                      -2.0011237
               6.9390998                      -2.0150733
                   6.954                      -2.0287231
               6.9689002                      -2.0420876
               6.9837999                      -2.0552082
               6.9987001                      -2.0681442
               7.0135999                      -2.0809766
               7.0285001                      -2.0938042
               7.0433998                      -2.1067384
                  7.0583                      -2.1199068
               7.0732002                      -2.1334425
                  7.0881                      -2.1474849
               7.1030002                      -2.1621731
               7.1178999                      -2.1776483
               7.1328001                      -2.1940415
               7.1476998                      -2.2114804
                  7.1626                       -2.230077
               7.1774998                      -2.2499313
                  7.1924                      -2.2711263
               7.2073002                      -2.2937282
               7.2221999                      -2.3177815
               7.2371001                      -2.3433145
               7.2519999                      -2.3703305
               7.2669001                      -2.3988146
               7.2817998                      -2.4287303
                  7.2967                      -2.4600242
               7.3116002                       -2.492623
               7.3264999                      -2.5264381
               7.3414001                      -2.5613659
               7.3562999                      -2.5972921
               7.3712001                      -2.6340931
               7.3860998                      -2.6716397
                   7.401                      -2.7097976
               7.4159002                      -2.7484342
                  7.4308                      -2.7874192
               7.4457002                      -2.8266275
               7.4605999                      -2.8659442
               7.4755001                      -2.9052635
               7.4903998                      -2.9444941
                  7.5053                      -2.9835596
               7.5201998                      -3.0223978
                  7.5351                      -3.0609704
               7.5500002                      -3.0992475
               7.5648999                      -3.1372243
               7.5798001                      -3.1749099
               7.5946999                      -3.2123291
               7.6096001                      -3.2495222
               7.6244998                      -3.2865402
                  7.6394                      -3.3234435
               7.6543002                      -3.3603026
               7.6691999                      -3.3971907
               7.6841002                      -3.4341825
               7.6989999                      -3.4713552
               7.7139001                      -3.5087757
               7.7287998                      -3.5465118
                  7.7437                      -3.5846178
               7.7586002                      -3.6231402
                  7.7735                      -3.6621135
               7.7884002                      -3.7015556
               7.8032999                      -3.7414709
               7.8182001                      -3.7818516
               7.8330998                      -3.8226721
                   7.848                      -3.8638897
               7.8628998                      -3.9054522
                  7.8778                      -3.9472926
               7.8927002                      -3.9893296
               7.9075999                       -4.031477
               7.9225001                      -4.0736396
               7.9373999                      -4.1157152
               7.9523001                      -4.1576014
               7.9671998                      -4.1991952
                  7.9821                         -4.2404
               7.9970002                      -4.2811173
               8.0118999                      -4.3212636
               8.0268002                      -4.3607634
               8.0417004                      -4.3995556
               8.0565996                      -4.4375879
               8.0714998                      -4.4748298
                  8.0864                      -4.5112632
               8.1013002                      -4.5468877
               8.1162004                      -4.5817172
               8.1310997                      -4.6157841
               8.1459999                      -4.6491328
               8.1609001                      -4.6818225
               8.1758003                      -4.7139212
               8.1906996                      -4.7455069
               8.2055998                      -4.7766618
                  8.2205                      -4.8074772
               8.2354002                      -4.8380394
               8.2503004                      -4.8684343
               8.2651997                      -4.8987454
               8.2800999                      -4.9290472
               8.2950001                      -4.9594075
               8.3099003                      -4.9898795
               8.3247995                      -5.0205074
               8.3396997                      -5.0513194
                  8.3546                      -5.0823267
               8.3695002                      -5.1135304
               8.3844004                      -5.1449119
               8.3992996                      -5.1764381
               8.4141998                      -5.2080619
                  8.4291                      -5.2397234
               8.4440002                      -5.2713498
               8.4589005                      -5.3028581
               8.4737997                       -5.334157
               8.4886999                      -5.3651524
               8.5036001                      -5.3957436
               8.5185003                      -5.4258326
               8.5333996                      -5.4553209
               8.5482998                      -5.4841167
                  8.5632                      -5.5121362
               8.5781002                       -5.539304
               8.5930004                       -5.565555
               8.6078997                      -5.5908431
               8.6227999                      -5.6151363
               8.6377001                      -5.6384128
               8.6526003                      -5.6606749
               8.6674995                      -5.6819366
               8.6823997                      -5.7022338
                  8.6973                      -5.7216143
               8.7122002                      -5.7401423
               8.7271004                      -5.7578943
               8.7419996                       -5.774958
               8.7568998                      -5.7914308
                  8.7718                      -5.8074177
               8.7867002                      -5.8230255
               8.8016005                      -5.8383651
               8.8164997                      -5.8535459
               8.8313999                       -5.868674
               8.8463001                       -5.883851
               8.8612003                      -5.8991694
               8.8760996                      -5.9147156
               8.8909998                      -5.9305637
                  8.9059                      -5.9467748
               8.9208002                      -5.9633975
               8.9357004                      -5.9804677
               8.9505997                      -5.9980098
               8.9654999                      -6.0160273
               8.9804001                      -6.0345189
               8.9953003                      -6.0534643
               9.0101995                      -6.0728336
               9.0250998                      -6.0925889
                    9.04                      -6.1126779
               9.0549002                      -6.1330428
               9.0698004                      -6.1536216
               9.0846996                       -6.174347
               9.0995998                      -6.1951495
                  9.1145                      -6.2159583
               9.1294003                      -6.2367082
               9.1443005                      -6.2573331
               9.1591997                      -6.2777736
               9.1740999                      -6.2979773
               9.1890001                      -6.3179019
               9.2039003                      -6.3375098
               9.2187996                      -6.3567778
               9.2336998                      -6.3756896
                  9.2486                       -6.394242
               9.2635002                      -6.4124396
               9.2784004                      -6.4303016
               9.2932997                       -6.447851
               9.3081999                      -6.4651244
               9.3231001                      -6.4821611
               9.3380003                      -6.4990093
               9.3528996                       -6.515721
               9.3677998                      -6.5323499
                  9.3827                      -6.5489504
               9.3976002                      -6.5655778
               9.4125004                      -6.5822825
               9.4273996                      -6.5991113
               9.4422998                      -6.6161052
               9.4572001                      -6.6332973
               9.4721003                      -6.6507135
               9.4870005                      -6.6683667
               9.5018997                      -6.6862625
               9.5167999                      -6.7043926
               9.5317001                      -6.7227381
               9.5466003                      -6.7412697
               9.5614996                      -6.7599426
               9.5763998                       -6.778705
                  9.5913                      -6.7974914
               9.6062002                      -6.8162285
               9.6211004                      -6.8348365
               9.6359997                      -6.8532233
               9.6508999                      -6.8712973
               9.6658001                       -6.888962
               9.6807003                      -6.9061164
               9.6955996                       -6.922663
               9.7104998                       -6.938506
                  9.7254                      -6.9535536
               9.7403002                       -6.967719
               9.7552004                      -6.9809257
               9.7700996                      -6.9931069
               9.7849998                      -7.0042032
               9.7999001                      -7.0141701
               9.8148003                      -7.0229754
               9.8297005                      -7.0305991
               9.8445997                      -7.0370365
               9.8594999                      -7.0422928
               9.8744001                      -7.0463875
               9.8893003                      -7.0493513
               9.9041996                      -7.0512259
               9.9190998                      -7.0520594
                   9.934                      -7.0519093
               9.9489002                      -7.0508383
               9.9638004                      -7.0489106
               9.9786997                      -7.0461929
               9.9935999                       -7.042751
                 10.0085                      -7.0386469
                 10.0234                      -7.0339391
                 10.0383                      -7.0286781
                 10.0532                      -7.0229083
                 10.0681                      -7.0166615
                  10.083                      -7.0099642
                 10.0979                      -7.0028266
                 10.1128                      -6.9952517
                 10.1277                      -6.9872264
                 10.1426                      -6.9787306
                 10.1575                      -6.9697305
                 10.1724                      -6.9601838
                 10.1873                      -6.9500385
                 10.2022                      -6.9392368
                 10.2171                      -6.9277136
                  10.232                      -6.9154011
                 10.2469                      -6.9022301
                 10.2618                      -6.8881305
                 10.2767                      -6.8730374
                 10.2916                      -6.8568882
                 10.3065                      -6.8396286
                 10.3214                      -6.8212139
                 10.3363                      -6.8016077
                 10.3512                      -6.7807884
                 10.3661                       -6.758746
                  10.381                      -6.7354845
                 10.3959                       -6.711023
                 10.4108                      -6.6853951
                 10.4257                      -6.6586494
                 10.4406                      -6.6308478
                 10.4555                       -6.602065
                 10.4704                      -6.5723861
                 10.4853                      -6.5419073
                 10.5002                      -6.5107339
                 10.5151                      -6.4789743
                   10.53                      -6.4467446
                 10.5449                      -6.4141596
                 10.5598                      -6.3813379
                 10.5747                      -6.3483922
                 10.5896                      -6.3154346
                 10.6045                      -6.2825713
                 10.6194                      -6.2499007
                 10.6343                      -6.2175119
                 10.6492                      -6.1854881
                 10.6641                      -6.1539009
                  10.679                       -6.122813
                 10.6939                      -6.0922749
                 10.7088                      -6.0623288
                 10.7237                      -6.0330049
                 10.7386                      -6.0043292
                 10.7535                      -5.9763113
                 10.7684                      -5.9489631
                 10.7833                      -5.9222824
                 10.7982                      -5.8962658
                 10.8131                      -5.8709079
                  10.828                      -5.8461995
                 10.8429                      -5.8221273
                 10.8578                      -5.7986841
                 10.8727                      -5.7758614
                 10.8876                      -5.7536522
                 10.9025                      -5.7320553
                 10.9174                       -5.711074
                 10.9323                      -5.6907147
                 10.9472                      -5.6709852
                 10.9621                      -5.6519042
                  10.977                      -5.6334892
                 10.9919                      -5.6157624
                 11.0068                      -5.5987495
                 11.0217                      -5.5824762
                 11.0366                      -5.5669695
                 11.0515                       -5.552252
                 11.0664                      -5.5383466
                 11.0813                      -5.5252685
                 11.0962                      -5.5130286
                 11.1111                      -5.5016264
                  11.126                      -5.4910543
                 11.1409                      -5.4812911
                 11.1558                      -5.4723061
                 11.1707                      -5.4640533
                 11.1856                      -5.4564703
                 11.2005                      -5.4494804
                 11.2154                      -5.4429937
                 11.2303                      -5.4369069
                 11.2452                      -5.4310983
                 11.2601                      -5.4254379
                  11.275                      -5.4197817
                 11.2899                      -5.4139805
                 11.3048                      -5.4078741
                 11.3197                       -5.401305
                 11.3346                      -5.3941093
                 11.3495                       -5.386131
                 11.3644                      -5.3772228
                 11.3793                      -5.3672448
                 11.3942                      -5.3560721
                 11.4091                      -5.3436036
                  11.424                      -5.3297539
                 11.4389                      -5.3144682
                 11.4538                      -5.2977181
                 11.4687                      -5.2795037
                 11.4836                      -5.2598545
                 11.4985                      -5.2388368
                 11.5134                      -5.2165463
                 11.5283                      -5.1931063
                 11.5432                      -5.1686735
                 11.5581                      -5.1434279
                  11.573                      -5.1175756
                 11.5879                      -5.0913413
                 11.6028                      -5.0649673
                 11.6177                      -5.0387097
                 11.6326                      -5.0128311
                 11.6475                      -4.9875991
                 11.6624                      -4.9632791
                 11.6773                       -4.940138
                 11.6922                      -4.9184278
                 11.7071                      -4.8983949
                  11.722                      -4.8802686
                 11.7369                      -4.8642614
                 11.7518                      -4.8505639
                 11.7667                      -4.8393495
                 11.7816                      -4.8307656
                 11.7965                      -4.8249352
                 11.8114                      -4.8219568
                 11.8263                       -4.821904
                 11.8412                       -4.824825
                 11.8561                      -4.8307421
                  11.871                      -4.8396559
                 11.8859                      -4.8515422
                 11.9008                      -4.8663562
                 11.9157                      -4.8840353
                 11.9306                      -4.9044956
                 11.9455                      -4.9276413
                 11.9604                      -4.9533649
                 11.9753                      -4.9815454
                 11.9902                      -5.0120574
                 12.0051                      -5.0447694
                   12.02                       -5.079552
                 12.0349                      -5.1162743
                 12.0498                      -5.1548103
                 12.0647                      -5.1950446
                 12.0796                      -5.2368646
                 12.0945                      -5.2801771
                 12.1094                      -5.3248928
                 12.1243                      -5.3709477
                 12.1392                      -5.4182843
                 12.1541                      -5.4668633
                  12.169                      -5.5166605
                 12.1839                      -5.5676652
                 12.1988                      -5.6198797
                 12.2137                      -5.6733159
                 12.2286                      -5.7279965
                 12.2435                      -5.7839441
                 12.2584                      -5.8411891
                 12.2733                      -5.8997563
                 12.2882                      -5.9596681
                 12.3031                      -6.0209351
                  12.318                      -6.0835573
                 12.3329                      -6.1475166
                 12.3478                       -6.212777
                 12.3627                      -6.2792748
                 12.3776                      -6.3469255
                 12.3925                      -6.4156135
                 12.4074                      -6.4851912
                 12.4223                      -6.5554845
                 12.4372                      -6.6262859
                 12.4521                      -6.6973541
                  12.467                      -6.7684237
                 12.4819                      -6.8391999
                 12.4968                      -6.9093638
                 12.5117                      -6.9785814
                 12.5266                      -7.0465019
                 12.5415                      -7.1127683
                 12.5564                       -7.177024
                 12.5713                      -7.2389179
                 12.5862                      -7.2981146
                 12.6011                       -7.354302
                  12.616                      -7.4071943
                 12.6309                      -7.4565439
                 12.6458                      -7.5021419
                 12.6607                      -7.5438269
                 12.6756                      -7.5814871
                 12.6905                      -7.6150569
                 12.7054                      -7.6445244
                 12.7203                      -7.6699193
                 12.7352                      -7.6913171
                 12.7501                      -7.7088312
                  12.765                      -7.7226039
                 12.7799                      -7.7328016
                 12.7948                      -7.7396064
                 12.8097                      -7.7432063
                 12.8246                       -7.743786
                 12.8395                      -7.7415258
                 12.8544                      -7.7365856
                 12.8693                      -7.7291041
                 12.8842                      -7.7191925
                 12.8991                       -7.706933
                  12.914                      -7.6923753
                 12.9289                      -7.6755342
                 12.9438                      -7.6563946
                 12.9587                      -7.6349099
                 12.9736                      -7.6110112
                 12.9885                      -7.5846049
                 13.0034                      -7.5555856
                 13.0183                       -7.523839
                 13.0332                      -7.4892498
                 13.0481                      -7.4517102
                  13.063                      -7.4111253
                 13.0779                       -7.367424
                 13.0928                      -7.3205582
                 13.1077                      -7.2705143
                 13.1226                      -7.2173167
                 13.1375                      -7.1610252
                 13.1524                      -7.1017425
                 13.1673                      -7.0396084
                 13.1822                      -6.9747993
                 13.1971                       -6.907528
                  13.212                      -6.8380328
                 13.2269                      -6.7665794
                 13.2418                      -6.6934443
                 13.2567                      -6.6189196
                 13.2716                      -6.5432966
                 13.2865                      -6.4668641
                 13.3014                      -6.3898986
                 13.3163                      -6.3126609
                 13.3312                      -6.2353875
                 13.3461                      -6.1582889
                  13.361                      -6.0815429
                 13.3759                      -6.0052963
                 13.3908                      -5.9296561
                 13.4057                      -5.8546958
                 13.4206                      -5.7804496
                 13.4355                      -5.7069196
                 13.4504                      -5.6340747
                 13.4653                      -5.5618488
                 13.4802                      -5.4901543
                 13.4951                      -5.4188774
                   13.51                      -5.3478917
                 13.5249                      -5.2770534
                 13.5398                      -5.2062165
                 13.5547                      -5.1352325
                 13.5696                      -5.0639594
                 13.5845                      -4.9922655
                 13.5994                      -4.9200354
                 13.6143                      -4.8471756
                 13.6292                      -4.7736171
                 13.6441                      -4.6993208
                  13.659                      -4.6242776
                 13.6739                       -4.548509
                 13.6888                      -4.4720703
                 13.7037                      -4.3950485
                 13.7186                      -4.3175614
                 13.7335                      -4.2397539
                 13.7484                      -4.1617928
                 13.7633                      -4.0838679
                 13.7782                       -4.006183
                 13.7931                      -3.9289532
                  13.808                       -3.852401
                 13.8229                      -3.7767459
                 13.8378                      -3.7022071
                 13.8527                      -3.6289931
                 13.8676                      -3.5573033
                 13.8825                      -3.4873145
                 13.8974                      -3.4191907
                 13.9123                      -3.3530681
                 13.9272                      -3.2890621
                 13.9421                      -3.2272603
                  13.957                      -3.1677259
                 13.9719                      -3.1104924
                 13.9868                      -3.0555683
                 14.0017                      -3.0029378
                 14.0166                      -2.9525578
                 14.0315                      -2.9043651
                 14.0464                      -2.8582772
                 14.0613                       -2.814192
                 14.0762                      -2.7719965
                 14.0911                      -2.7315633
                  14.106                      -2.6927645
                 14.1209                      -2.6554616
                 14.1358                      -2.6195227
                 14.1507                      -2.5848187
                 14.1656                      -2.5512258
                 14.1805                       -2.518636
                 14.1954                      -2.4869524
                 14.2103                      -2.4560977
                 14.2252                      -2.4260109
                 14.2401                      -2.3966525
                  14.255                      -2.3680064
                 14.2699                      -2.3400718
                 14.2848                      -2.3128755
                 14.2997                      -2.2864612
                 14.3146                       -2.260889
                 14.3295                      -2.2362382
                 14.3444                      -2.2125975
                 14.3593                      -2.1900661
                 14.3742                      -2.1687534
                 14.3891                      -2.1487652
                  14.404                      -2.1302102
                 14.4189                      -2.1131908
                 14.4338                      -2.0978025
                 14.4487                      -2.0841275
                 14.4636                      -2.0722324
                 14.4785                      -2.0621699
                 14.4934                      -2.0539667
                 14.5083                      -2.0476328
                 14.5232                      -2.0431541
                 14.5381                      -2.0404902
                  14.553                      -2.0395808
                 14.5679                      -2.0403386
                 14.5828                       -2.042656
                 14.5977                      -2.0464024
                 14.6126                      -2.0514344
                 14.6275                      -2.0575867
                 14.6424                      -2.0646875
                 14.6573                      -2.0725549
                 14.6722                      -2.0810041
                 14.6871                      -2.0898514
                  14.702                      -2.0989189
                 14.7169                      -2.1080394
                 14.7318                      -2.1170621
                 14.7467                      -2.1258543
                 14.7616                      -2.1343087
                 14.7765                      -2.1423416
                 14.7914                       -2.149902
                 14.8063                      -2.1569677
                 14.8212                      -2.1635478
                 14.8361                       -2.169687
                  14.851                      -2.1754527
                 14.8659                      -2.1809484
                 14.8808                      -2.1862964
                 14.8957                      -2.1916426
                 14.9106                        -2.19715
                 14.9255                      -2.2029925
                 14.9404                      -2.2093497
                 14.9553                      -2.2164027
                 14.9702                      -2.2243265
                 14.9851                      -2.2332872
                      15                      -2.2434322

