        Frequency / GHz                S1,1/abs,dB
----------------------------------------------------------------------
                     0.1                     -0.06239159
                  0.1149                    -0.050567208
              0.12980001                    -0.038943258
              0.14470001                    -0.028048124
                  0.1596                    -0.018382656
                  0.1745                    -0.010401014
                  0.1894                    -0.004487975
                  0.2043                  -0.00094892536
                  0.2192                  -1.4518537e-07
                  0.2341                   -0.0017587881
                   0.249                   -0.0062433118
              0.26390001                    -0.013366426
              0.27880001                    -0.022947443
              0.29370001                    -0.034713167
              0.30860001                     -0.04831163
              0.32350001                    -0.063320767
              0.33840001                    -0.079271449
              0.35330001                    -0.095663196
                  0.3682                     -0.11198229
                  0.3831                     -0.12772752
                   0.398                     -0.14242683
                  0.4129                     -0.15566248
                  0.4278                     -0.16708455
                  0.4427                     -0.17643124
                  0.4576                     -0.18353762
                  0.4725                     -0.18833894
                  0.4874                     -0.19087882
              0.50230002                     -0.19130009
              0.51719999                     -0.18983986
              0.53210002                     -0.18681312
              0.54699999                     -0.18259866
              0.56190002                     -0.17761894
              0.57679999                     -0.17232256
              0.59170002                     -0.16715659
              0.60659999                     -0.16255718
              0.62150002                     -0.15892153
              0.63639998                     -0.15659677
              0.65130001                      -0.1558655
              0.66619998                     -0.15693665
              0.68110001                     -0.15993514
              0.69599998                     -0.16490198
              0.71090001                     -0.17179147
              0.72579998                     -0.18047696
              0.74070001                     -0.19075686
              0.75559998                     -0.20235969
                  0.7705                     -0.21496118
              0.78539997                     -0.22819965
                  0.8003                     -0.24168739
              0.81519997                     -0.25502867
                  0.8301                     -0.26784302
              0.84500003                      -0.2797766
                  0.8599                     -0.29051979
              0.87480003                     -0.29982292
                  0.8897                     -0.30750774
              0.90460002                     -0.31347241
              0.91949999                     -0.31769876
              0.93440002                     -0.32024834
              0.94929999                     -0.32126329
              0.96420002                     -0.32095412
              0.97909999                     -0.31958977
              0.99400002                     -0.31748303
                  1.0089                     -0.31497998
                  1.0238                     -0.31243554
                  1.0387                     -0.31020561
                  1.0536                     -0.30862528
                  1.0685                     -0.30799643
                  1.0834                     -0.30857771
                  1.0983                      -0.3105739
               1.1131999                     -0.31412548
                  1.1281                     -0.31930945
                   1.143                     -0.32613201
                  1.1579                     -0.33453673
               1.1727999                     -0.34440287
                  1.1877                      -0.3555554
                  1.2026                     -0.36777062
                  1.2175                     -0.38079115
               1.2323999                     -0.39433602
                  1.2473                     -0.40811422
                  1.2622                     -0.42183941
                  1.2771                      -0.4352444
               1.2920001                     -0.44808919
                  1.3069                     -0.46018272
                  1.3218                     -0.47138296
                  1.3367                     -0.48160681
               1.3516001                     -0.49083745
                  1.3665                     -0.49912001
                  1.3814                     -0.50656451
                  1.3963                     -0.51333943
                  1.4112                     -0.51965917
                  1.4261                     -0.52578258
                   1.441                     -0.53199783
                  1.4559                     -0.53860714
                  1.4708                     -0.54591752
                  1.4857                     -0.55422908
                  1.5006                     -0.56382018
               1.5154999                     -0.57494009
                  1.5304                     -0.58780046
                  1.5453                      -0.6025648
                  1.5602                     -0.61934953
               1.5750999                      -0.6382175
                    1.59                     -0.65917793
                  1.6049                     -0.68219276
                  1.6198                     -0.70717528
               1.6346999                     -0.73399995
                  1.6496                     -0.76250845
                  1.6645                     -0.79252133
                  1.6794                     -0.82384381
               1.6943001                     -0.85628237
                  1.7092                     -0.88964909
                  1.7241                     -0.92377953
                   1.739                     -0.95853679
               1.7539001                     -0.99382425
                  1.7688                      -1.0295892
                  1.7837                       -1.065834
                  1.7986                      -1.1026081
                  1.8135                      -1.1400215
                  1.8284                      -1.1782327
                  1.8433                      -1.2174518
                  1.8582                      -1.2579282
                  1.8731                      -1.2999478
                   1.888                      -1.3438232
                  1.9029                      -1.3898808
               1.9177999                      -1.4384553
                  1.9327                      -1.4898784
                  1.9476                      -1.5444663
                  1.9625                      -1.6025171
               1.9773999                      -1.6642971
                  1.9923                      -1.7300374
                  2.0072                      -1.7999303
                  2.0221                      -1.8741246
               2.0369999                      -1.9527257
               2.0518999                      -2.0357924
               2.0668001                      -2.1233417
               2.0817001                      -2.2153515
               2.0966001                      -2.3117648
                  2.1115                      -2.4124964
                  2.1264                      -2.5174394
                  2.1413                      -2.6264716
               2.1561999                      -2.7394689
               2.1710999                      -2.8563098
               2.1860001                      -2.9768863
               2.2009001                      -3.1011127
                  2.2158                       -3.228933
                  2.2307                       -3.360327
                  2.2456                      -3.4953214
                  2.2605                      -3.6339844
               2.2753999                      -3.7764353
               2.2902999                      -3.9228453
               2.3052001                      -4.0734295
               2.3201001                      -4.2284509
                   2.335                      -4.3882081
                  2.3499                      -4.5530351
                  2.3648                      -4.7232878
               2.3796999                      -4.8993429
               2.3945999                      -5.0815777
               2.4094999                      -5.2703665
               2.4244001                      -5.4660746
               2.4393001                      -5.6690403
                  2.4542                      -5.8795726
                  2.4691                      -6.0979429
                   2.484                      -6.3243743
               2.4988999                      -6.5590418
               2.5137999                      -6.8020664
               2.5287001                      -7.0535103
               2.5436001                      -7.3133872
               2.5585001                      -7.5816511
                  2.5734                      -7.8582125
                  2.5883                      -8.1429389
                  2.6032                      -8.4356711
               2.6180999                      -8.7362298
               2.6329999                      -9.0444317
               2.6479001                      -9.3601099
               2.6628001                      -9.6831292
                  2.6777                      -10.013406
                  2.6926                      -10.350928
                  2.7075                      -10.695768
                  2.7224                      -11.048108
               2.7372999                      -11.408244
               2.7521999                      -11.776593
               2.7671001                      -12.153693
               2.7820001                      -12.540203
                  2.7969                      -12.936871
                  2.8118                      -13.344518
                  2.8267                      -13.763993
               2.8415999                      -14.196114
               2.8564999                      -14.641595
               2.8714001                      -15.100944
               2.8863001                      -15.574339
               2.9012001                      -16.061463
                  2.9161                      -16.561287
                   2.931                      -17.071813
                  2.9459                      -17.589747
               2.9607999                      -18.110137
               2.9756999                      -18.625976
               2.9906001                      -19.127873
               3.0055001                      -19.603911
                  3.0204                      -20.039862
                  3.0353                      -20.420026
                  3.0502                      -20.728769
                  3.0651                      -20.952701
               3.0799999                      -21.082984
               3.0948999                      -21.117036
               3.1098001                      -21.058951
               3.1247001                      -20.918449
                  3.1396                      -20.708827
                  3.1545                      -20.444641
                  3.1694                      -20.139801
               3.1842999                      -19.806393
               3.1991999                       -19.45418
               3.2140999                      -19.090604
               3.2290001                      -18.721088
               3.2439001                      -18.349436
                  3.2588                      -17.978253
                  3.2737                      -17.609318
                  3.2886                      -17.243883
               3.3034999                      -16.882914
               3.3183999                      -16.527238
               3.3333001                       -16.17766
               3.3482001                      -15.835015
               3.3631001                      -15.500188
                   3.378                      -15.174109
                  3.3929                      -14.857728
                  3.4078                      -14.551977
               3.4226999                      -14.257736
               3.4375999                      -13.975786
               3.4525001                       -13.70677
               3.4674001                       -13.45116
                  3.4823                       -13.20922
                  3.4972                      -12.980981
                  3.5121                      -12.766211
                   3.527                      -12.564394
               3.5418999                      -12.374714
               3.5567999                      -12.196039
               3.5717001                      -12.026916
               3.5866001                       -11.86557
                  3.6015                      -11.709928
                  3.6164                       -11.55764
                  3.6313                      -11.406137
               3.6461999                      -11.252703
               3.6610999                       -11.09458
               3.6760001                      -10.929074
               3.6909001                      -10.753707
               3.7058001                      -10.566353
                  3.7207                      -10.365361
                  3.7356                      -10.149677
                  3.7505                      -9.9189068
               3.7653999                      -9.6733402
               3.7802999                      -9.4139211
               3.7952001                      -9.1421801
               3.8101001                      -8.8601125
                   3.825                      -8.5700576
                  3.8399                       -8.274558
                  3.8548                      -7.9762288
                  3.8697                      -7.6776477
               3.8845999                      -7.3812667
               3.8994999                      -7.0893462
               3.9144001                      -6.8039122
               3.9293001                      -6.5267352
                  3.9442                      -6.2593224
                  3.9591                      -6.0029219
                   3.974                      -5.7585332
               3.9888999                      -5.5269277
               4.0037999                      -5.3086634
               4.0187001                       -5.104105
               4.0335999                       -4.913447
               4.0485001                      -4.7367262
               4.0633998                      -4.5738444
                  4.0783                      -4.4245813
               4.0932002                      -4.2886082
               4.1080999                      -4.1655036
               4.1230001                      -4.0547672
               4.1378999                      -3.9558245
               4.1528001                       -3.868053
               4.1676998                       -3.790782
                  4.1826                      -3.7233108
               4.1975002                      -3.6649209
                  4.2124                      -3.6148896
               4.2273002                      -3.5725064
               4.2421999                      -3.5370795
               4.2571001                      -3.5079563
               4.2719998                      -3.4845329
                  4.2869                      -3.4662661
               4.3017998                      -3.4526852
                  4.3167                       -3.443394
               4.3316002                      -3.4380822
               4.3464999                      -3.4365229
               4.3614001                      -3.4385743
               4.3762999                      -3.4441708
               4.3912001                      -3.4533236
               4.4060998                      -3.4660982
                   4.421                      -3.4826094
               4.4359002                      -3.5030034
               4.4507999                      -3.5274427
               4.4657001                      -3.5560841
               4.4805999                      -3.5890671
               4.4955001                      -3.6264888
               4.5103998                      -3.6683948
                  4.5253                      -3.7147536
               4.5402002                      -3.7654537
                  4.5551                      -3.8202861
               4.5700002                       -3.878932
               4.5848999                      -3.9409667
               4.5998001                      -4.0058479
               4.6146998                      -4.0729236
                  4.6296                      -4.1414364
               4.6444998                      -4.2105385
                  4.6594                      -4.2793055
               4.6743002                      -4.3467632
               4.6891999                      -4.4119128
               4.7041001                      -4.4737623
               4.7189999                      -4.5313666
               4.7339001                      -4.5838589
               4.7487998                       -4.630488
                  4.7637                      -4.6706536
               4.7786002                      -4.7039258
               4.7934999                       -4.730071
               4.8084002                       -4.749055
               4.8232999                      -4.7610451
               4.8382001                      -4.7663963
               4.8530998                      -4.7656353
                   4.868                      -4.7594227
               4.8829002                      -4.7485284
                  4.8978                      -4.7337929
               4.9127002                      -4.7160889
               4.9275999                      -4.6962845
               4.9425001                      -4.6752187
               4.9573998                      -4.6536685
               4.9723001                      -4.6323266
               4.9871998                      -4.6117926
                  5.0021                      -4.5925507
               5.0170002                      -4.5749806
               5.0318999                      -4.5593386
               5.0468001                      -4.5457768
               5.0616999                      -4.5343417
               5.0766001                      -4.5249887
               5.0914998                      -4.5175922
                  5.1064                      -4.5119624
               5.1213002                      -4.5078609
                  5.1362                      -4.5050169
               5.1511002                      -4.5031412
               5.1659999                      -4.5019502
               5.1809001                      -4.5011718
               5.1957998                      -4.5005653
                  5.2107                      -4.4999273
               5.2255998                      -4.4991029
                  5.2405                       -4.497987
               5.2554002                      -4.4965311
               5.2702999                      -4.4947389
               5.2852001                       -4.492661
               5.3000998                      -4.4903897
               5.3150001                      -4.4880539
               5.3298998                      -4.4858004
                  5.3448                      -4.4837874
               5.3597002                      -4.4821787
               5.3745999                      -4.4811194
               5.3895001                      -4.4807412
               5.4043999                      -4.4811431
               5.4193001                      -4.4823886
               5.4341998                         -4.4845
                  5.4491                      -4.4874617
               5.4640002                      -4.4912071
                  5.4789                      -4.4956347
               5.4938002                       -4.500603
               5.5086999                      -4.5059379
               5.5236001                      -4.5114442
               5.5384998                      -4.5169085
                  5.5534                      -4.5221133
               5.5682998                      -4.5268458
                  5.5832                      -4.5309003
               5.5981002                      -4.5341013
               5.6129999                      -4.5362976
               5.6279001                      -4.5373771
               5.6427999                      -4.5372673
               5.6577001                      -4.5359393
               5.6725998                      -4.5334072
                  5.6875                      -4.5297259
               5.7024002                      -4.5249917
               5.7172999                      -4.5193292
               5.7322001                      -4.5128918
               5.7470999                      -4.5058469
               5.7620001                      -4.4983764
               5.7768998                      -4.4906618
                  5.7918                      -4.4828776
               5.8067002                      -4.4751837
                  5.8216                      -4.4677247
               5.8365002                      -4.4606162
               5.8513999                      -4.4539502
               5.8663001                       -4.447788
               5.8811998                      -4.4421601
                  5.8961                      -4.4370704
               5.9109998                      -4.4325004
                  5.9259                      -4.4284045
               5.9408002                      -4.4247252
               5.9556999                      -4.4213911
               5.9706001                      -4.4183289
               5.9854999                      -4.4154662
               6.0004001                      -4.4127325
               6.0152998                      -4.4100782
                  6.0302                      -4.4074678
               6.0451002                      -4.4048838
               6.0599999                      -4.4023374
               6.0749002                      -4.3998646
               6.0897999                      -4.3975261
               6.1047001                      -4.3954054
               6.1195998                      -4.3936122
                  6.1345                      -4.3922727
               6.1494002                      -4.3915271
                  6.1643                        -4.39153
               6.1792002                      -4.3924374
               6.1940999                      -4.3944064
               6.2090001                      -4.3975896
               6.2238998                       -4.402132
                  6.2388                      -4.4081613
               6.2536998                      -4.4157921
                  6.2686                      -4.4251165
               6.2835002                       -4.436208
               6.2983999                       -4.449115
               6.3133001                      -4.4638682
               6.3281999                      -4.4804748
               6.3431001                      -4.4989255
               6.3579998                      -4.5191914
                  6.3729                       -4.541233
               6.3878002                      -4.5650034
               6.4026999                      -4.5904461
               6.4176002                      -4.6175051
               6.4324999                      -4.6461285
               6.4474001                      -4.6762668
               6.4622998                      -4.7078867
                  6.4772                      -4.7409609
               6.4920998                      -4.7754794
                   6.507                       -4.811451
               6.5219002                      -4.8488976
               6.5367999                      -4.8878601
               6.5517001                      -4.9283939
               6.5665998                      -4.9705732
               6.5815001                      -5.0144769
               6.5963998                      -5.0602016
                  6.6113                      -5.1078412
               6.6262002                      -5.1574967
               6.6410999                      -5.2092671
               6.6560001                      -5.2632485
               6.6708999                      -5.3195214
               6.6858001                      -5.3781615
               6.7006998                       -5.439227
                  6.7156                      -5.5027575
               6.7305002                      -5.5687724
                  6.7454                      -5.6372779
               6.7603002                      -5.7082493
               6.7751999                      -5.7816482
               6.7901001                      -5.8574126
               6.8049998                      -5.9354642
                  6.8199                      -6.0157041
               6.8347998                      -6.0980217
                  6.8497                      -6.1822963
               6.8646002                      -6.2683955
               6.8794999                      -6.3561846
               6.8944001                       -6.445527
               6.9092999                      -6.5362882
               6.9242001                      -6.6283397
               6.9390998                      -6.7215619
                   6.954                      -6.8158458
               6.9689002                      -6.9110967
               6.9837999                      -7.0072339
               6.9987001                      -7.1041921
               7.0135999                       -7.201924
               7.0285001                      -7.3003948
               7.0433998                      -7.3995819
                  7.0583                       -7.499478
               7.0732002                      -7.6000834
                  7.0881                      -7.7014008
               7.1030002                      -7.8034398
               7.1178999                      -7.9062045
               7.1328001                      -8.0096955
               7.1476998                       -8.113904
                  7.1626                      -8.2188064
               7.1774998                      -8.3243676
                  7.1924                      -8.4305315
               7.2073002                        -8.53722
               7.2221999                      -8.6443346
               7.2371001                      -8.7517529
               7.2519999                      -8.8593344
               7.2669001                      -8.9669103
               7.2817998                      -9.0742978
                  7.2967                      -9.1812945
               7.3116002                      -9.2876861
               7.3264999                      -9.3932521
               7.3414001                      -9.4977625
               7.3562999                      -9.6009975
               7.3712001                      -9.7027358
               7.3860998                      -9.8027778
                   7.401                      -9.9009381
               7.4159002                      -9.9970587
                  7.4308                      -10.091007
               7.4457002                       -10.18269
               7.4605999                      -10.272043
               7.4755001                      -10.359047
               7.4903998                      -10.443711
                  7.5053                      -10.526088
               7.5201998                      -10.606264
                  7.5351                      -10.684352
               7.5500002                      -10.760491
               7.5648999                      -10.834842
               7.5798001                      -10.907574
               7.5946999                      -10.978864
               7.6096001                      -11.048884
               7.6244998                      -11.117796
                  7.6394                      -11.185744
               7.6543002                      -11.252847
               7.6691999                      -11.319193
               7.6841002                      -11.384835
               7.6989999                      -11.449785
               7.7139001                      -11.514014
               7.7287998                      -11.577448
                  7.7437                      -11.639975
               7.7586002                      -11.701437
                  7.7735                      -11.761653
               7.7884002                      -11.820402
               7.8032999                      -11.877452
               7.8182001                      -11.932554
               7.8330998                      -11.985467
                   7.848                      -12.035959
               7.8628998                      -12.083821
                  7.8778                      -12.128882
               7.8927002                      -12.171019
               7.9075999                      -12.210165
               7.9225001                      -12.246315
               7.9373999                      -12.279538
               7.9523001                       -12.30997
               7.9671998                      -12.337817
                  7.9821                      -12.363353
               7.9970002                      -12.386907
               8.0118999                       -12.40886
               8.0268002                      -12.429622
               8.0417004                      -12.449628
               8.0565996                      -12.469316
               8.0714998                       -12.48911
                  8.0864                      -12.509404
               8.1013002                      -12.530546
               8.1162004                      -12.552821
               8.1310997                      -12.576431
               8.1459999                      -12.601492
               8.1609001                      -12.628009
               8.1758003                      -12.655879
               8.1906996                      -12.684871
               8.2055998                      -12.714633
                  8.2205                      -12.744682
               8.2354002                       -12.77441
               8.2503004                      -12.803096
               8.2651997                       -12.82991
               8.2800999                      -12.853936
               8.2950001                      -12.874191
               8.3099003                      -12.889658
               8.3247995                      -12.899308
               8.3396997                      -12.902151
                  8.3546                      -12.897263
               8.3695002                      -12.883825
               8.3844004                      -12.861163
               8.3992996                      -12.828778
               8.4141998                      -12.786364
                  8.4291                      -12.733829
               8.4440002                      -12.671296
               8.4589005                      -12.599099
               8.4737997                      -12.517764
               8.4886999                      -12.427988
               8.5036001                      -12.330608
               8.5185003                      -12.226564
               8.5333996                       -12.11687
               8.5482998                       -12.00257
                  8.5632                      -11.884716
               8.5781002                      -11.764329
               8.5930004                      -11.642385
               8.6078997                      -11.519794
               8.6227999                      -11.397377
               8.6377001                       -11.27587
               8.6526003                      -11.155911
               8.6674995                      -11.038037
               8.6823997                       -10.92269
                  8.6973                      -10.810211
               8.7122002                      -10.700855
               8.7271004                      -10.594784
               8.7419996                      -10.492082
               8.7568998                      -10.392758
                  8.7718                      -10.296754
               8.7867002                      -10.203949
               8.8016005                      -10.114171
               8.8164997                      -10.027198
               8.8313999                      -9.9427735
               8.8463001                      -9.8606068
               8.8612003                      -9.7803878
               8.8760996                      -9.7017884
               8.8909998                       -9.624476
                  8.9059                      -9.5481229
               8.9208002                      -9.4724095
               8.9357004                      -9.3970388
               8.9505997                      -9.3217406
               8.9654999                      -9.2462804
               8.9804001                      -9.1704685
               8.9953003                      -9.0941638
               9.0101995                      -9.0172773
               9.0250998                      -8.9397765
                    9.04                      -8.8616902
               9.0549002                      -8.7831027
               9.0698004                      -8.7041528
               9.0846996                      -8.6250338
               9.0995998                      -8.5459841
                  9.1145                      -8.4672814
               9.1294003                      -8.3892365
               9.1443005                      -8.3121806
               9.1591997                      -8.2364598
               9.1740999                      -8.1624234
               9.1890001                      -8.0904135
               9.2039003                      -8.0207604
               9.2187996                       -7.953763
               9.2336998                      -7.8896989
                  9.2486                      -7.8287973
               9.2635002                      -7.7712489
               9.2784004                      -7.7171916
               9.2932997                      -7.6667129
               9.3081999                      -7.6198459
               9.3231001                      -7.5765676
               9.3380003                      -7.5368009
               9.3528996                      -7.5004164
               9.3677998                       -7.467236
                  9.3827                      -7.4370384
               9.3976002                      -7.4095641
               9.4125004                      -7.3845231
               9.4273996                      -7.3616017
               9.4422998                      -7.3404751
               9.4572001                      -7.3208124
               9.4721003                      -7.3022897
               9.4870005                      -7.2845984
               9.5018997                      -7.2674507
               9.5167999                      -7.2505942
               9.5317001                      -7.2338135
               9.5466003                      -7.2169356
               9.5614996                      -7.1998362
               9.5763998                       -7.182437
                  9.5913                      -7.1647089
               9.6062002                      -7.1466622
               9.6211004                        -7.12835
               9.6359997                      -7.1098575
               9.6508999                      -7.0912945
               9.6658001                      -7.0727864
               9.6807003                      -7.0544683
               9.6955996                      -7.0364734
               9.7104998                      -7.0189275
                  9.7254                      -7.0019393
               9.7403002                      -6.9855959
               9.7552004                       -6.969959
               9.7700996                      -6.9550597
               9.7849998                      -6.9409007
               9.7999001                      -6.9274558
               9.8148003                      -6.9146697
               9.8297005                      -6.9024696
               9.8445997                      -6.8907615
               9.8594999                      -6.8794454
               9.8744001                      -6.8684176
               9.8893003                      -6.8575829
               9.9041996                      -6.8468613
               9.9190998                      -6.8361928
                   9.934                      -6.8255464
               9.9489002                      -6.8149319
               9.9638004                       -6.804393
               9.9786997                      -6.7940188
               9.9935999                      -6.7839405
                 10.0085                        -6.77433
                 10.0234                      -6.7654004
                 10.0383                       -6.757398
                 10.0532                      -6.7505945
                 10.0681                      -6.7452864
                  10.083                      -6.7417794
                 10.0979                      -6.7403889
                 10.1128                      -6.7414234
                 10.1277                      -6.7451825
                 10.1426                      -6.7519484
                 10.1575                      -6.7619798
                 10.1724                       -6.775507
                 10.1873                        -6.79273
                 10.2022                      -6.8138147
                 10.2171                      -6.8388934
                  10.232                      -6.8680658
                 10.2469                      -6.9013988
                 10.2618                      -6.9389351
                 10.2767                      -6.9806922
                 10.2916                      -7.0266721
                 10.3065                      -7.0768621
                 10.3214                      -7.1312498
                 10.3363                      -7.1898207
                 10.3512                      -7.2525717
                 10.3661                      -7.3195131
                  10.381                      -7.3906739
                 10.3959                      -7.4661136
                 10.4108                      -7.5459142
                 10.4257                      -7.6301885
                 10.4406                      -7.7190826
                 10.4555                      -7.8127696
                 10.4704                      -7.9114488
                 10.4853                       -8.015341
                 10.5002                      -8.1246844
                 10.5151                      -8.2397244
                   10.53                      -8.3607074
                 10.5449                      -8.4878668
                 10.5598                      -8.6214208
                 10.5747                      -8.7615535
                 10.5896                      -8.9084074
                 10.6045                      -9.0620717
                 10.6194                       -9.222569
                 10.6343                      -9.3898462
                 10.6492                      -9.5637629
                 10.6641                      -9.7440787
                  10.679                      -9.9304434
                 10.6939                      -10.122394
                 10.7088                      -10.319343
                 10.7237                       -10.52057
                 10.7386                       -10.72523
                 10.7535                       -10.93234
                 10.7684                      -11.140795
                 10.7833                      -11.349374
                 10.7982                      -11.556749
                 10.8131                      -11.761506
                  10.828                      -11.962175
                 10.8429                      -12.157254
                 10.8578                      -12.345242
                 10.8727                      -12.524679
                 10.8876                      -12.694187
                 10.9025                      -12.852504
                 10.9174                      -12.998521
                 10.9323                      -13.131315
                 10.9472                      -13.250167
                 10.9621                      -13.354587
                  10.977                      -13.444313
                 10.9919                      -13.519314
                 11.0068                      -13.579775
                 11.0217                      -13.626089
                 11.0366                      -13.658835
                 11.0515                       -13.67875
                 11.0664                      -13.686711
                 11.0813                       -13.68371
                 11.0962                      -13.670832
                 11.1111                      -13.649231
                  11.126                      -13.620117
                 11.1409                      -13.584731
                 11.1558                      -13.544337
                 11.1707                      -13.500197
                 11.1856                      -13.453569
                 11.2005                      -13.405685
                 11.2154                      -13.357737
                 11.2303                      -13.310875
                 11.2452                      -13.266189
                 11.2601                      -13.224702
                  11.275                       -13.18736
                 11.2899                      -13.155031
                 11.3048                      -13.128488
                 11.3197                      -13.108421
                 11.3346                      -13.095419
                 11.3495                      -13.089978
                 11.3644                      -13.092501
                 11.3793                       -13.10329
                 11.3942                      -13.122559
                 11.4091                      -13.150432
                  11.424                      -13.186946
                 11.4389                      -13.232058
                 11.4538                      -13.285647
                 11.4687                      -13.347524
                 11.4836                      -13.417429
                 11.4985                      -13.495052
                 11.5134                      -13.580021
                 11.5283                      -13.671919
                 11.5432                      -13.770284
                 11.5581                      -13.874616
                  11.573                      -13.984376
                 11.5879                      -14.098989
                 11.6028                      -14.217842
                 11.6177                      -14.340282
                 11.6326                      -14.465615
                 11.6475                      -14.593095
                 11.6624                      -14.721923
                 11.6773                      -14.851231
                 11.6922                      -14.980084
                 11.7071                       -15.10747
                  11.722                      -15.232287
                 11.7369                      -15.353364
                 11.7518                      -15.469446
                 11.7667                      -15.579217
                 11.7816                      -15.681321
                 11.7965                       -15.77439
                 11.8114                       -15.85708
                 11.8263                      -15.928121
                 11.8412                      -15.986367
                 11.8561                      -16.030837
                  11.871                      -16.060783
                 11.8859                      -16.075711
                 11.9008                      -16.075424
                 11.9157                      -16.060028
                 11.9306                      -16.029932
                 11.9455                      -15.985828
                 11.9604                       -15.92865
                 11.9753                      -15.859537
                 11.9902                      -15.779766
                 12.0051                      -15.690708
                   12.02                      -15.593764
                 12.0349                      -15.490323
                 12.0498                      -15.381715
                 12.0647                      -15.269181
                 12.0796                      -15.153851
                 12.0945                      -15.036731
                 12.1094                      -14.918698
                 12.1243                        -14.8005
                 12.1392                      -14.682761
                 12.1541                      -14.565997
                  12.169                      -14.450622
                 12.1839                      -14.336967
                 12.1988                      -14.225291
                 12.2137                      -14.115795
                 12.2286                      -14.008635
                 12.2435                       -13.90393
                 12.2584                      -13.801771
                 12.2733                      -13.702226
                 12.2882                      -13.605342
                 12.3031                      -13.511152
                  12.318                      -13.419665
                 12.3329                      -13.330875
                 12.3478                      -13.244751
                 12.3627                      -13.161234
                 12.3776                      -13.080243
                 12.3925                      -13.001664
                 12.4074                      -12.925352
                 12.4223                      -12.851137
                 12.4372                      -12.778816
                 12.4521                      -12.708168
                  12.467                      -12.638955
                 12.4819                      -12.570928
                 12.4968                      -12.503844
                 12.5117                      -12.437466
                 12.5266                      -12.371583
                 12.5415                      -12.306014
                 12.5564                      -12.240623
                 12.5713                      -12.175323
                 12.5862                      -12.110082
                 12.6011                       -12.04493
                  12.616                      -11.979957
                 12.6309                      -11.915307
                 12.6458                      -11.851182
                 12.6607                      -11.787819
                 12.6756                       -11.72549
                 12.6905                      -11.664486
                 12.7054                      -11.605102
                 12.7203                      -11.547622
                 12.7352                      -11.492305
                 12.7501                      -11.439372
                  12.765                      -11.388997
                 12.7799                      -11.341292
                 12.7948                      -11.296303
                 12.8097                      -11.254003
                 12.8246                      -11.214299
                 12.8395                      -11.177019
                 12.8544                      -11.141931
                 12.8693                      -11.108747
                 12.8842                      -11.077131
                 12.8991                      -11.046717
                  12.914                      -11.017124
                 12.9289                      -10.987971
                 12.9438                      -10.958894
                 12.9587                       -10.92957
                 12.9736                      -10.899726
                 12.9885                      -10.869147
                 13.0034                      -10.837701
                 13.0183                      -10.805331
                 13.0332                      -10.772062
                 13.0481                      -10.737997
                  13.063                      -10.703309
                 13.0779                      -10.668227
                 13.0928                      -10.633028
                 13.1077                      -10.598014
                 13.1226                      -10.563492
                 13.1375                      -10.529765
                 13.1524                      -10.497104
                 13.1673                      -10.465743
                 13.1822                      -10.435852
                 13.1971                      -10.407541
                  13.212                      -10.380847
                 13.2269                      -10.355728
                 13.2418                      -10.332071
                 13.2567                      -10.309694
                 13.2716                      -10.288358
                 13.2865                      -10.267774
                 13.3014                      -10.247626
                 13.3163                      -10.227583
                 13.3312                      -10.207316
                 13.3461                      -10.186526
                  13.361                      -10.164955
                 13.3759                      -10.142398
                 13.3908                      -10.118729
                 13.4057                      -10.093896
                 13.4206                      -10.067933
                 13.4355                      -10.040955
                 13.4504                      -10.013155
                 13.4653                      -9.9847932
                 13.4802                      -9.9561803
                 13.4951                      -9.9276658
                   13.51                      -9.8996101
                 13.5249                      -9.8723728
                 13.5398                      -9.8462929
                 13.5547                      -9.8216645
                 13.5696                      -9.7987265
                 13.5845                      -9.7776519
                 13.5994                      -9.7585289
                 13.6143                      -9.7413673
                 13.6292                      -9.7260922
                 13.6441                      -9.7125454
                  13.659                      -9.7004953
                 13.6739                      -9.6896516
                 13.6888                      -9.6796729
                 13.7037                      -9.6701891
                 13.7186                      -9.6608206
                 13.7335                      -9.6511993
                 13.7484                       -9.640985
                 13.7633                      -9.6298879
                 13.7782                      -9.6176879
                 13.7931                      -9.6042375
                  13.808                      -9.5894833
                 13.8229                      -9.5734557
                 13.8378                      -9.5562739
                 13.8527                      -9.5381367
                 13.8676                       -9.519308
                 13.8825                      -9.5001035
                 13.8974                      -9.4808627
                 13.9123                      -9.4619406
                 13.9272                      -9.4436752
                 13.9421                      -9.4263689
                  13.957                      -9.4102752
                 13.9719                      -9.3955758
                 13.9868                      -9.3823699
                 14.0017                      -9.3706705
                 14.0166                      -9.3603927
                 14.0315                      -9.3513617
                 14.0464                       -9.343315
                 14.0613                      -9.3359164
                 14.0762                      -9.3287655
                 14.0911                      -9.3214226
                  14.106                      -9.3134294
                 14.1209                      -9.3043251
                 14.1358                      -9.2936857
                 14.1507                      -9.2811309
                 14.1656                       -9.266357
                 14.1805                       -9.249149
                 14.1954                      -9.2293952
                 14.2103                      -9.2070909
                 14.2252                      -9.1823393
                 14.2401                      -9.1553488
                  14.255                      -9.1264142
                 14.2699                      -9.0959039
                 14.2848                      -9.0642386
                 14.2997                      -9.0318667
                 14.3146                      -8.9992383
                 14.3295                      -8.9667886
                 14.3444                      -8.9349071
                 14.3593                      -8.9039272
                 14.3742                      -8.8741056
                 14.3891                      -8.8456152
                  14.404                      -8.8185398
                 14.4189                      -8.7928718
                 14.4338                       -8.768517
                 14.4487                      -8.7453046
                 14.4636                      -8.7230011
                 14.4785                      -8.7013228
                 14.4934                      -8.6799594
                 14.5083                      -8.6585979
                 14.5232                       -8.636934
                 14.5381                      -8.6147109
                  14.553                      -8.5917188
                 14.5679                      -8.5678315
                 14.5828                      -8.5430037
                 14.5977                      -8.5172885
                 14.6126                      -8.4908361
                 14.6275                      -8.4638886
                 14.6424                      -8.4367799
                 14.6573                      -8.4099125
                 14.6722                      -8.3837485
                 14.6871                      -8.3587844
                  14.702                      -8.3355366
                 14.7169                      -8.3145162
                 14.7318                      -8.2962077
                 14.7467                       -8.281053
                 14.7616                      -8.2694335
                 14.7765                      -8.2616558
                 14.7914                      -8.2579429
                 14.8063                      -8.2584261
                 14.8212                      -8.2631406
                 14.8361                      -8.2720301
                  14.851                      -8.2849467
                 14.8659                      -8.3016593
                 14.8808                      -8.3218673
                 14.8957                      -8.3452105
                 14.9106                      -8.3712876
                 14.9255                       -8.399675
                 14.9404                       -8.429945
                 14.9553                       -8.461689
                 14.9702                      -8.4945297
                 14.9851                        -8.52815
                      15                         -8.5623

