freq	dB(S11_discrete)
0.00000000000000000E0	-4.71188231850833006E-8
1.00000000000000000E3	-4.71188231850833006E-8
6.25000958333333401E8	-1.28608921428004530E-1
1.25000091666666657E9	-5.20660778729855611E-1
1.87500087500000001E9	-2.55138997554838109E0
2.50000083333333345E9	-1.72748771797855261E1
2.65625082291666681E9	-1.89792564399576280E1
2.81250081250000017E9	-1.38953193182458468E1
3.12500079166666733E9	-9.52630061463354139E0
3.75000075000000033E9	-8.18287029001719546E0
4.37500070833333510E9	-1.15436973675366450E1
5.00000066666666676E9	-2.58300462856117985E1
5.62500062500000020E9	-1.91363963917008384E1
6.25000058333333364E9	-2.19462728897466164E1
6.56250056250000036E9	-2.04069293454640244E1
6.87500054166666530E9	-1.53732091040095931E1
7.50000050000000051E9	-1.09553692123436286E1
8.75000041666666917E9	-9.67571034423927401E0
9.37500037499999905E9	-9.45990844285863908E0
1.00000003333333343E10	-1.05643380670011400E1
1.06250002916666686E10	-8.44766026526613523E0
1.12500002499999985E10	-9.82475991007934368E0
1.18750002083333372E10	-8.59084964195707634E0
1.25000001666666694E10	-8.14451765387250326E0
1.31250001250000037E10	-8.33183160172069748E0
1.37500000833333336E10	-8.44778138728823969E0
1.40625000625000007E10	-9.87035375214469113E0
1.43750000416666657E10	-1.16115552863889571E1
1.50000000000000000E10	-8.32110564829430288E0


freq	dB(S11_fitted)
0.00000000000000000E0	-4.71188231850833006E-8
1.00000000000000000E3	-4.71188386143228577E-8
1.24566349440529311E3	-4.71240151241913985E-8
1.55150166284117619E3	-4.71320499006863081E-8
1.95322486979166321E3	-4.71452881882189878E-8
2.45896442352907840E3	-4.71662497744732612E-8
3.09565279947855165E3	-4.71994689272215506E-8
3.89719597535530315E3	-4.72521318147838176E-8
4.90627904811674576E3	-4.73355982147783383E-8
6.17663937102746985E3	-4.74678721211049126E-8
7.77592826367482370E3	-4.76775236637741173E-8
9.78931369142873109E3	-4.80097836585326920E-8
1.23240157701641939E4	-4.85363951763244295E-8
1.55150166284117685E4	-4.93710148173653973E-8
1.95322486979166388E4	-5.06937934184581440E-8
2.45896442352907885E4	-5.27902577368006032E-8
3.09565279947855299E4	-5.61129338687842516E-8
3.89719597535530360E4	-6.13790114442797208E-8
4.90627904811674753E4	-6.97251770121596870E-8
6.17663937102747163E4	-8.29529601701672092E-8
7.77592826367482637E4	-1.03917556202177996E-7
9.78931369142873464E4	-1.37144174089997684E-7
1.23240157701641984E5	-1.89804697826098656E-7
1.55150166284117774E5	-2.73265736001560056E-7
1.95322486979166499E5	-4.05541910051571186E-7
2.45896442352908018E5	-6.15183860153360129E-7
3.09565279947855476E5	-9.47439764326182932E-7
3.89719597535530671E5	-1.47401937067090527E-6
4.90627904811675020E5	-2.30856540320847881E-6
6.17663937102747518E5	-3.63116538679297784E-6
7.77592826367482992E5	-5.72717849627597619E-6
9.78931369142873997E5	-9.04871697074769088E-6
1.23240157701642050E6	-1.43119498810887502E-5
1.55150166284117819E6	-2.26509734299558163E-5
1.95322486979166632E6	-3.58608115693156204E-5
2.45896442352908196E6	-5.67803727426692628E-5
3.09565279947855654E6	-8.98939557400876765E-5
3.89719597535530937E6	-1.42270988652254893E-4
4.90627904811675375E6	-2.25021607962809522E-4
6.17663937102747873E6	-3.55519914788096303E-4
7.77592826367483347E6	-5.60722243814137933E-4
9.78931369142874530E6	-8.81929199076028070E-4
1.23240157701642117E7	-1.38115594903680661E-3
1.55150166284117907E7	-2.14853807443314127E-3
1.95322486979166676E7	-3.30826319119132117E-3
2.20838852154573484E7	-4.14011138623003561E-3
2.46474005829839449E7	-5.03740768776057113E-3
3.10292389285888648E7	-7.46878891216026197E-3
3.90634973958333376E7	-1.07361210213069502E-2
4.78607453869679045E7	-1.43022825183455904E-2
5.85947460937499986E7	-1.83383197134710230E-2
6.79120491919959601E7	-2.14267677788287214E-2
7.81259947916666686E7	-2.43373931098382501E-2
9.76572434895833474E7	-2.86800733142064335E-2
1.17188492187499982E8	-3.18400278210129084E-2
1.36719740885416696E8	-3.42850036505132083E-2
1.56250989583333344E8	-3.63565560773920327E-2
1.75782238281249970E8	-3.82799386804120623E-2
1.95313486979166706E8	-4.01972926740491321E-2
2.14844735677083332E8	-4.21962515041487851E-2
2.34375984375000002E8	-4.43299670704970783E-2
2.53907233072916672E8	-4.66301460463218476E-2
2.73438481770833386E8	-4.91152824091308471E-2
2.92969730468750011E8	-5.17957902878745546E-2
3.12500979166666681E8	-5.46771903889006339E-2
3.32032227864583396E8	-5.77620885760031921E-2
3.51563476562499977E8	-6.10514082074777953E-2
3.71094725260416691E8	-6.45451617058762750E-2
3.90625973958333361E8	-6.82429373045872811E-2
4.10157222656250031E8	-7.21442094523121380E-2
4.29688471354166701E8	-7.62485399294772392E-2
4.49219720052083282E8	-8.05557112705259470E-2
4.68750968749999952E8	-8.50658183933859746E-2
4.88282217447916711E8	-8.97793346264821324E-2
5.07813466145833381E8	-9.46971622870629126E-2
5.27344714843750140E8	-9.98206741969257294E-2
5.46875963541666721E8	-1.05151750160966007E-1
5.66407212239583391E8	-1.10692810952084808E-1
5.85938460937499972E8	-1.16446851415166375E-1
6.05469709635416731E8	-1.22417473719679171E-1
6.25000958333333401E8	-1.28608921427992806E-1
6.44532207031249982E8	-1.35026114824084509E-1
6.64063455729166652E8	-1.41674687815362188E-1
6.83594704427083322E8	-1.48561026644938377E-1
7.03125953125000080E8	-1.55692310614225282E-1
7.22657201822916750E8	-1.63076555001623502E-1
7.42188450520833420E8	-1.70722656364597558E-1
7.61719699218750002E8	-1.78640440423851055E-1
7.81250947916666671E8	-1.86840712746583648E-1
8.00782196614583341E8	-1.95335312468353450E-1
8.20313445312499923E8	-2.04137169318709866E-1
8.39844694010416859E8	-2.13260364243841716E-1
8.59375942708333262E8	-2.22720193949431611E-1
8.78907191406250021E8	-2.32533239718169016E-1
8.98438440104166958E8	-2.42717440889666047E-1
9.17969688802083184E8	-2.53292173425307920E-1
9.37500937499999942E8	-2.64278334016492211E-1
9.57032186197916701E8	-2.75698430233539904E-1
9.76563434895833460E8	-2.87576677252295632E-1
9.96094683593749863E8	-2.99939101738023561E-1
1.01562593229166653E9	-3.12813653510780387E-1
1.03515718098958365E9	-3.26230325663588250E-1
1.05468842968750010E9	-3.40221283854681200E-1
1.07421967838541677E9	-3.54821005547142088E-1
1.09375092708333366E9	-3.70066430025062498E-1
1.11328217578125011E9	-3.85997120073034328E-1
1.13281342447916655E9	-4.02655436266970490E-1
1.15234467317708367E9	-4.20086724888026986E-1
1.17187592187500011E9	-4.38339520537382121E-1
1.19140717057291678E9	-4.57465764598618652E-1
1.21093841927083345E9	-4.77521040764689531E-1
1.23046966796874990E9	-4.98564828918646974E-1
1.25000091666666657E9	-5.20660778729858720E-1
1.26953216536458369E9	-5.43877004400045116E-1
1.28906341406249991E9	-5.68286402064622109E-1
1.30859466276041680E9	-5.93966991423591217E-1
1.32812591145833325E9	-6.21002283240295494E-1
1.34765716015624970E9	-6.49481674404412779E-1
1.36718840885416681E9	-6.79500872304688119E-1
1.38671965755208326E9	-7.11162350294589718E-1
1.40625090625000015E9	-7.44575836057032170E-1
1.42578215494791705E9	-7.79858834678927160E-1
1.44531340364583372E9	-8.17137188228236155E-1
1.46484465234375039E9	-8.56545673581313594E-1
1.48437590104166661E9	-8.98228640171162773E-1
1.50390714973958350E9	-9.42340689213195404E-1
1.52343839843749995E9	-9.89047395808383101E-1
1.54296964713541684E9	-1.03852607511932193E0
1.56250089583333351E9	-1.09096659355826886E0
1.58203214453124974E9	-1.14657222561345895E0
1.60156339322916663E9	-1.20556055656915628E0
1.62109464192708330E9	-1.26816443094595299E0
1.64062589062499953E9	-1.33463294600443483E0
1.66015713932291642E9	-1.40523248912595045E0
1.67968838802083331E9	-1.48024781732293320E0
1.69921963671875043E9	-1.55998317656147578E0
1.71875088541666687E9	-1.64476345803250323E0
1.73828213411458354E9	-1.73493538803151726E0
1.75781338281249977E9	-1.83086874776107433E0
1.77734463151041666E9	-1.93295761923390774E0
1.79687588020833355E9	-2.04162165362895642E0
1.80664150455729167E9	-2.09855780603341913E0
1.81640712890624978E9	-2.15730735906083471E0
1.82617275325520789E9	-2.21793053677568786E0
1.83593837760416667E9	-2.28048940591575633E0
1.84570400195312523E9	-2.34504791767800524E0
1.85546962630208379E9	-2.41167194986035005E0
1.86523525065104190E9	-2.48042934942224136E0
1.87500087500000001E9	-2.55138997554839930E0
1.88476649934895879E9	-2.62462574332469378E0
1.89453212369791646E9	-2.70021066816335420E0
1.90429774804687502E9	-2.77822091114636072E0
1.91406337239583335E9	-2.85873482549200864E0
1.92382899674479191E9	-2.94183300438935724E0
1.93359462109375002E9	-3.02759833049032023E0
1.94336024544270858E9	-3.11611602739787141E0
1.95312586979166669E9	-3.20747371354362176E0
1.97265711848958358E9	-3.39907184509200722E0
1.99218836718750003E9	-3.60314381320956478E0
2.01171961588541670E9	-3.82048305724703718E0
2.03125086458333382E9	-4.05192784783142201E0
2.04101648893229193E9	-4.17321475280663989E0
2.05078211328125048E9	-4.29836422526231399E0
2.06054773763020860E9	-4.42749506334772036E0
2.07031336197916671E9	-4.56072953232692946E0
2.08007898632812527E9	-4.69819351911421457E0
2.08984461067708338E9	-4.84001670309231180E0
2.09961023502604194E9	-4.98633274491811473E0
2.10937585937500049E9	-5.13727949509979709E0
2.11914148372395816E9	-5.29299922419117497E0
2.12890710807291672E9	-5.45363887648865386E0
2.13867273242187528E9	-5.61935034912208220E0
2.14843835677083295E9	-5.79029079839429883E0
2.15820398111979195E9	-5.96662297512682738E0
2.16796960546874962E9	-6.14851559059488473E0
2.17773522981770906E9	-6.33614371435427515E0
2.18750085416666717E9	-6.52968920484376358E0
2.19726647851562529E9	-6.72934117304492396E0
2.20703210286458340E9	-6.93529647863499399E0
2.21679772721354240E9	-7.14776025690322481E0
2.22656335156250007E9	-7.36694647311049078E0
2.23632897591145863E9	-7.59307849882091013E0
2.24609460026041674E9	-7.82638970183898230E0
2.25586022460937485E9	-8.06712403750621654E0
2.26562584895833341E9	-8.31553662392120785E0
2.27539147330729197E9	-8.57189427671734272E0
2.28515709765625008E9	-8.83647596978375027E0
2.29492272200520864E9	-9.10957317597245364E0
2.30468834635416675E9	-9.39149002536010613E0
2.31445397070312486E9	-9.68254319662941754E0
2.32421959505208342E9	-9.98306142772788441E0
2.33398521940104198E9	-1.02933844926341878E1
2.34375084375000009E9	-1.06138614384407282E1
2.35351646809895865E9	-1.09448478065407495E1
2.36328209244791720E9	-1.12867014675073896E1
2.37304771679687487E9	-1.16397765734006708E1
2.38281334114583387E9	-1.20044149635267727E1
2.39257896549479199E9	-1.23809341371539583E1
2.40234458984375054E9	-1.27696106135183540E1
2.41211021419270866E9	-1.31706571174047160E1
2.42187583854166721E9	-1.35841915390748702E1
2.43164146289062533E9	-1.40101950064805791E1
2.44140708723958344E9	-1.44484556774227069E1
2.45117271158854155E9	-1.48984940490303175E1
2.46093833593749967E9	-1.53594648089903019E1
2.47070396028645822E9	-1.58300297826650427E1
2.48046958463541722E9	-1.63081968879328132E1
2.49023520898437489E9	-1.67911221391014243E1
2.50000083333333345E9	-1.72748771797854728E1
2.50976645768229201E9	-1.77541957705983622E1
2.51953208203125012E9	-1.82222316128770290E1
2.52929770638020868E9	-1.86703882643997510E1
2.53906333072916679E9	-1.90883167949503085E1
2.54882895507812535E9	-1.94642058849547372E1
2.55859457942708346E9	-1.97854862081532024E1
2.56836020377604202E9	-2.00400010724954170E1
2.57812582812500013E9	-2.02175387032010612E1
2.59765707682291680E9	-2.03196501038336264E1
2.61718832552083347E9	-2.00960490810116266E1
2.63671957421874925E9	-1.96171283065080537E1
2.65625082291666681E9	-1.89792564399575658E1
2.67578207161458348E9	-1.82669272402862082E1
2.69531332031249971E9	-1.75383733411426590E1
2.71484456901041638E9	-1.68278929411040989E1
2.73437581770833393E9	-1.61531897651480061E1
2.75390706640625016E9	-1.55219036803041122E1
2.77343831510416683E9	-1.49360390117827957E1
2.79296956380208394E9	-1.43946405716649850E1
2.81250081250000017E9	-1.38953193182458423E1
2.83203206119791728E9	-1.34350917179882701E1
2.85156330989583351E9	-1.30108273755129589E1
2.87109455859375018E9	-1.26194780326075762E1
2.89062580729166729E9	-1.22581862962510391E1
2.91015705598958352E9	-1.19243291790547445E1
2.92968830468750019E9	-1.16155271030584095E1
2.94921955338541686E9	-1.13296353495987789E1
2.96875080208333308E9	-1.10647273048981387E1
2.98828205078125020E9	-1.08190745841193969E1
3.00781329947916642E9	-1.05911267296400480E1
3.02734454817708354E9	-1.03794918463812524E1
3.04687579687500065E9	-1.01829187977929503E1
3.06640704557291688E9	-1.00002811823590898E1
3.08593829427083310E9	-9.83056309649912485E0
3.10546954296875022E9	-9.67284658272610187E0
3.12500079166666733E9	-9.52630061463356270E0
3.14453204036458311E9	-9.39017145569937384E0
3.16406328906249978E9	-9.26377423156765722E0
3.18359453776041734E9	-9.14648556661923173E0
3.20312578645833401E9	-9.03773715034098046E0
3.22265703515625024E9	-8.93701011455491212E0
3.24218828385416691E9	-8.84383011755301496E0
3.26171953255208313E9	-8.75776304492448965E0
3.28125078124999936E9	-8.67841124908836647E0
3.32031327864583403E9	-8.53842591043776800E0
3.35937577604166737E9	-8.42130720904348706E0
3.39843827343750027E9	-8.32490004085572366E0
3.43750077083333361E9	-8.24740337843709348E0
3.47656326822916650E9	-8.18732673938942312E0
3.51562576562499896E9	-8.14345766996837916E0
3.55468826302083363E9	-8.11483773286649246E0
3.59375076041666697E9	-8.10074498644313223E0
3.63281325781250075E9	-8.10068134530328621E0
3.67187575520833320E9	-8.11436355488620009E0
3.71093825260416699E9	-8.14171680950840226E0
3.75000075000000033E9	-8.18287029001719901E0
3.78906324739583322E9	-8.23815407762723773E0
3.82812574479166745E9	-8.30809699360871967E0
3.86718824218749990E9	-8.39342490225164539E0
3.90625073958333369E9	-8.49505888924640473E0
3.94531323697916658E9	-8.61411249825348158E0
3.98437573437499992E9	-8.75188690621005705E0
4.02343823177083326E9	-8.90986260164004840E0
4.06250072916666660E9	-9.08968589100668645E0
4.10156322656250083E9	-9.29314852131480862E0
4.14062572395833417E9	-9.52215902638038614E0
4.17968822135416662E9	-9.77870524014734599E0
4.21875071874999996E9	-1.00648088969928851E1
4.23828196744791619E9	-1.02195734768012647E1
4.25781321614583330E9	-1.03824753750920129E1
4.27734446484375130E9	-1.05537545716332626E1
4.29687571354166753E9	-1.07336442689616085E1
4.31640696223958376E9	-1.09223700096831133E1
4.33593821093750087E9	-1.11201491920293138E1
4.35546945963541710E9	-1.13271910758804917E1
4.37500070833333510E9	-1.15436973675366694E1
4.39453195703124955E9	-1.17698634631197829E1
4.41406320572916844E9	-1.20058804177196476E1
4.43359445442708466E9	-1.22519376907178357E1
4.45312570312500089E9	-1.25082266979758683E1
4.47265695182291712E9	-1.27749451799259095E1
4.49218820052083334E9	-1.30523023724482012E1
4.51171944921875046E9	-1.33405249462468700E1
4.53125069791666668E9	-1.36398636616309687E1
4.57031319531249913E9	-1.42730573840715991E1
4.60937569270833425E9	-1.49546623565960624E1
4.64843819010416759E9	-1.56883612308287002E1
4.68750068750000004E9	-1.64790303227866031E1
4.72656318489583338E9	-1.73330305201184354E1
4.76562568229166672E9	-1.82584664492830129E1
4.80468817968750095E9	-1.92653323168101265E1
4.84375067708333340E9	-2.03653289351960209E1
4.88281317447916674E9	-2.15707859245455724E1
4.92187567187500008E9	-2.28912259722830091E1
4.96093816927083431E9	-2.43239067686144050E1
5.00000066666666676E9	-2.58300462856118207E1
5.03906316406249921E9	-2.72840308242561358E1
5.07812566145833433E9	-2.84082322985138536E1
5.11718815885416767E9	-2.88298871085677932E1
5.15625065625000012E9	-2.84088536746484666E1
5.19531315364583435E9	-2.74123319754542161E1
5.23437565104166680E9	-2.62064363008023582E1
5.27343814843750014E9	-2.50132057002348995E1
5.31250064583333437E9	-2.39222492694380939E1
5.35156314322916593E9	-2.29574970428708625E1
5.39062564062500105E9	-2.21173336426785117E1
5.42968813802083439E9	-2.13920110781704809E1
5.46875063541666684E9	-2.07703283293786489E1
5.50781313281250018E9	-2.02419561716755592E1
5.54687563020833441E9	-1.97980925430457022E1
5.58593812760416508E9	-1.94315087863835356E1
5.62500062500000020E9	-1.91363963917008251E1
5.66406312239583354E9	-1.89081683404446399E1
5.70312561979166777E9	-1.87432687437624712E1
5.74218811718750111E9	-1.86390048815100617E1
5.78125061458333445E9	-1.85933999631300462E1
5.82031311197916690E9	-1.86050580681065503E1
5.85937560937499935E9	-1.86730284899553700E1
5.89843810677083447E9	-1.87966520767919643E1
5.93750060416666692E9	-1.89753652057859479E1
5.97656310156250026E9	-1.92084260188075073E1
6.01562559895833360E9	-1.94945107371325266E1
6.05468809635416783E9	-1.98311041644440600E1
6.09375059375000028E9	-2.02135800774490093E1
6.13281309114583273E9	-2.06338469268349911E1
6.17187558854166696E9	-2.10784622710980152E1
6.21093808593749941E9	-2.15262915670268473E1
6.25000058333333364E9	-2.19462728897466386E1
6.28906308072916787E9	-2.22967897249355795E1
6.32812557812500032E9	-2.25292079211164120E1
6.36718807552083366E9	-2.25977479426334193E1
6.40625057291666700E9	-2.24739195321882645E1
6.44531307031249945E9	-2.21577517591642970E1
6.48437556770833545E9	-2.16775155841732703E1
6.52343806510416790E9	-2.10781583377279080E1
6.56250056250000036E9	-2.04069293454640110E1
6.60156305989583281E9	-1.97037638174486962E1
6.64062555729166792E9	-1.89979612161507849E1
6.67968805468749860E9	-1.83089109880641665E1
6.71875055208333372E9	-1.76483397039053069E1
6.75781304947916617E9	-1.70226234653141906E1
6.79687554687500040E9	-1.64346321422520747E1
6.83593804427083285E9	-1.58850410784309326E1
6.87500054166666530E9	-1.53732091040095664E1
6.91406303906250042E9	-1.48977460722517652E1
6.95312553645833464E9	-1.44568716905525507E1
6.99218803385416710E9	-1.40486386549419739E1
7.03125053125000044E9	-1.36710691560175412E1
7.07031302864583466E9	-1.33222366635318479E1
7.10937552604166711E9	-1.30003133934317483E1
7.14843802343749957E9	-1.27035964014906533E1
7.18750052083333468E9	-1.24305204880765086E1
7.22656301822916713E9	-1.21796630818445784E1
7.26562551562499959E9	-1.19497443588839491E1
7.30468801302083381E9	-1.17396246371490331E1
7.34375051041666627E9	-1.15483003025902775E1
7.38281300781249961E9	-1.13748990074181200E1
7.42187550520833383E9	-1.12186745261205911E1
7.46093800260416806E9	-1.10790013914215679E1
7.50000050000000051E9	-1.09553692123436242E1
7.53906299739583385E9	-1.08473763644336363E1
7.57812549479166808E9	-1.07547225091603571E1
7.61718799218749876E9	-1.06771991198577387E1
7.65625048958333565E9	-1.06146768417098047E1
7.69531298697916633E9	-1.05670880728486827E1
7.73437548437500233E9	-1.05344026110219402E1
7.77343798177083478E9	-1.05165935741936267E1
7.81250047916666723E9	-1.05135901249167074E1
7.85156297656249968E9	-1.05252129380998127E1
7.89062547395833302E9	-1.05510881181009908E1
7.92968797135416725E9	-1.05905358778428749E1
7.96875046874999970E9	-1.06424325219981197E1
8.00781296614583482E9	-1.07050492402677055E1
8.04687546354166727E9	-1.07758802100810991E1
8.08593796093749972E9	-1.08514864533020217E1
8.12500045833333395E9	-1.09274000932016335E1
8.16406295572916640E9	-1.09981517897575864E1
8.20312545312500063E9	-1.10574922258870822E1
8.24218795052083486E9	-1.10988613795723579E1
8.28125044791666731E9	-1.11161031585960401E1
8.32031294531250154E9	-1.11043297928174511E1
8.35937544270833222E9	-1.10607423587757014E1
8.39843794010417000E9	-1.09851690447715522E1
8.43750043750000245E9	-1.08801394379550387E1
8.47656293489583490E9	-1.07504626860654962E1
8.51562543229166735E9	-1.06024458066873661E1
8.55468792968749980E9	-1.04429868622350241E1
8.59375042708333403E9	-1.02787680904208356E1
8.63281292447916648E9	-1.01156865053872180E1
8.67187542187499893E9	-9.95855512567835000E0
8.71093791927083316E9	-9.81103302545738565E0
8.75000041666666917E9	-9.67571034423927756E0
8.78906291406249984E9	-9.55427537231721935E0
8.82812541145833407E9	-9.44770817928254658E0
8.86718790885416830E9	-9.35646589796452055E0
8.90625040624999897E9	-9.28064191879400546E0
8.94531290364583320E9	-9.22009291312931722E0
8.98437540104166921E9	-9.17453433236702764E0
9.02343789843749988E9	-9.14360820263339846E0
9.06250039583333411E9	-9.12692800072420596E0
9.10156289322916834E9	-9.12410516772868796E0
9.14062539062500079E9	-9.13476104675348743E0
9.17968788802083324E9	-9.15852709765459494E0
9.21875038541666747E9	-9.19503533970014253E0
9.25781288281250170E9	-9.24390019232164128E0
9.29687538020833415E9	-9.30469226299695507E0
9.33593787760416660E9	-9.37690419261573105E0
9.37500037499999905E9	-9.45990844285864441E0
9.41406287239583506E9	-9.55290695116581112E0
9.45312536979166751E9	-9.65487297479002216E0
9.49218786718749996E9	-9.76448632196712119E0
9.53125036458333241E9	-9.88006467969091773E0
9.57031286197916664E9	-9.99949604275510850E0
9.60937535937499909E9	-1.01201803941283930E1
9.64843785677083332E9	-1.02389926285113697E1
9.68750035416666933E9	-1.03522826724896366E1
9.72656285156250000E9	-1.04559316153884185E1
9.76562534895833423E9	-1.05454824589355378E1
9.80468784635416846E9	-1.06163583839381825E1
9.84375034375000091E9	-1.06641682451123843E1
9.88281284114583514E9	-1.06850784687452749E1
9.92187533854166759E9	-1.06762065860276056E1
9.96093783593750004E9	-1.06359724029559599E1
1.00000003333333343E10	-1.05643380670011311E1
1.00390628307291685E10	-1.04628842605397021E1
1.00781253281250005E10	-1.03347040761652575E1
1.01171878255208325E10	-1.01841373078280095E1
1.01562503229166690E10	-1.00164007358115748E1
1.01953128203124987E10	-9.83718371685557535E0
1.02343753177083352E10	-9.65227161216495055E0
1.02734378151041672E10	-9.46723913910271797E0
1.03125003125000014E10	-9.28723148156893785E0
1.03515628098958334E10	-9.11683076367545553E0
1.03906253072916677E10	-8.95999285663505241E0
1.04296878046874997E10	-8.82003432989214708E0
1.04687503020833317E10	-8.69964961774953949E0
1.05078127994791681E10	-8.60094174464206240E0
1.05468752968750001E10	-8.52545434376966327E0
1.05859377942708344E10	-8.47419706468022227E0
1.06250002916666686E10	-8.44766026526613523E0
1.06640627890625006E10	-8.44581798822657426E0
1.07031252864583348E10	-8.46812069587804928E0
1.07421877838541668E10	-8.51348121183552209E0
1.07812502812499988E10	-8.58025891819947439E0
1.08203127786458309E10	-8.66624856126015963E0
1.08593752760416695E10	-8.76868103416402001E0
1.08984377734374993E10	-8.88424413938372304E0
1.09375002708333335E10	-9.00913136878977738E0
1.09765627682291678E10	-9.13912582056914680E0
1.10156252656249998E10	-9.26972405591760662E0
1.10546877630208340E10	-9.39630059272226958E0
1.10937502604166682E10	-9.51430775593500577E0
1.11328127578125047E10	-9.61949829578335880E0
1.11718752552083367E10	-9.70815091987735812E0
1.12109377526041687E10	-9.77727375074226579E0
1.12500002499999985E10	-9.82475991007935257E0
1.12890627473958327E10	-9.84947427153181998E0
1.13281252447916669E10	-9.85126049340658660E0
1.13671877421875012E10	-9.83087037827716337E0
1.14062502395833332E10	-9.78982988160369594E0
1.14453127369791696E10	-9.73026444104436550E0
1.14843752343749994E10	-9.65470900098144291E0
1.15234377317708314E10	-9.56592544541788392E0
1.15625002291666679E10	-9.46674392731666181E0
1.16015627265625021E10	-9.35993711892172087E0
1.16406252239583341E10	-9.24812964974825924E0
1.16796877213541683E10	-9.13374005199371553E0
1.17187502187500003E10	-9.01894966831017264E0
1.17578127161458346E10	-8.90569190232353058E0
1.17968752135416688E10	-8.79565537258971375E0
1.18359377109375008E10	-8.69029542487370144E0
1.18750002083333372E10	-8.59084964195707457E0
1.19140627057291693E10	-8.49835418951504451E0
1.19531252031250013E10	-8.41365890467581679E0
1.19921877005208333E10	-8.33743991504966075E0
1.20312501979166675E10	-8.27020926809491641E0
1.20703126953124995E10	-8.21232157657602890E0
1.21093751927083337E10	-8.16397807528702302E0
1.21484376901041680E10	-8.12522876370796965E0
1.21875001875000000E10	-8.09597349804322164E0
1.22656251822916684E10	-8.06480082969081735E0
1.23437501770833324E10	-8.06672553201841325E0
1.24218751718749987E10	-8.09585289840399369E0
1.25000001666666694E10	-8.14451765387250504E0
1.25781251614583356E10	-8.20391976095962150E0
1.26562501562499996E10	-8.26496831272383226E0
1.27343751510416636E10	-8.31922496613064411E0
1.28125001458333321E10	-8.35979596713561257E0
1.28906251406250005E10	-8.38202495950153015E0
1.29687501354166690E10	-8.38388905937671147E0
1.30468751302083352E10	-8.36608017940516291E0
1.31250001250000037E10	-8.33183160172070103E0
1.32031251197916677E10	-8.28659794024957463E0
1.32812501145833339E10	-8.23770230996480990E0
1.33593751093750002E10	-8.19403351103485633E0
1.34375001041666642E10	-8.16582410073599796E0
1.34765626015625029E10	-8.16104042010848474E0
1.35156250989583349E10	-8.16448194558744866E0
1.35546875963541669E10	-8.17772601247139086E0
1.35937500937499989E10	-8.20239053711553545E0
1.36328125911458353E10	-8.24011566254416117E0
1.36718750885416673E10	-8.29253802877480339E0
1.37109375859375016E10	-8.36125566903182893E0
1.37500000833333336E10	-8.44778138728823791E0
1.37890625807291700E10	-8.55348237505272024E0
1.38281250781250020E10	-8.67950379826956286E0
1.38671875755208340E10	-8.82667416734035726E0
1.39062500729166683E10	-8.99539057234690276E0
1.39453125703125003E10	-9.18548248021678582E0
1.39843750677083323E10	-9.39605405615667166E0
1.40234375651041687E10	-9.62530742383188809E0
1.40625000625000007E10	-9.87035375214469468E0
1.41015625598958350E10	-1.01270266507783702E1
1.41406250572916692E10	-1.03897241239640015E1
1.41796875546875012E10	-1.06513214152279323E1
1.42187500520833376E10	-1.09032150598778954E1
1.42578125494791697E10	-1.11355711531292956E1
1.42968750468749972E10	-1.13378449603031739E1
1.43359375442708314E10	-1.14995981304854067E1
1.43750000416666657E10	-1.16115552863889615E1
1.44140625390625021E10	-1.16667298520765206E1
1.44531250364583341E10	-1.16613598733216528E1
1.44921875338541684E10	-1.15953929761431995E1
1.45312500312500004E10	-1.14723754070499440E1
1.45703125286458346E10	-1.12987895176174846E1
1.46093750260416666E10	-1.10830498402081989E1
1.46484375234375030E10	-1.08344303950535514E1
1.46875000208333351E10	-1.05621468942542296E1
1.47265625182291671E10	-1.02747098110530888E1
1.47656250156249991E10	-9.97956080099386611E0
1.48046875130208333E10	-9.68294067994425767E0
1.48437500104166675E10	-9.38991481610508316E0
1.48828125078124973E10	-9.10448721900406355E0
1.49218750052083360E10	-8.82975191427960837E0
1.49609375026041702E10	-8.56804874224157942E0
1.50000000000000000E10	-8.32110564829430288E0


