freq	dB(S11_discrete)
0.00000000000000000E0	-3.47157887959183897E-14
2.08333333299999968E8	-1.15428539608354574E-2
5.55555555500000064E8	-3.70305881160016792E-2
1.25000000000000000E9	-3.40818029335737194E-1
1.45833333299999990E9	-6.82649421564657644E-1
1.97916666700000010E9	-3.20754344172439509E0
2.50000000000000000E9	-9.20034656899334458E0
2.60416666700000032E9	-1.05541630410242249E1
3.12500000000000000E9	-1.39795660617567052E1
3.75000000000000000E9	-1.34162361368100336E1
4.37500000000000000E9	-1.38863753515925925E1
5.00000000000000000E9	-1.53101962561960625E1
5.83333333299999968E9	-1.61832432487246658E1
6.66666666600000024E9	-1.86800949493496171E1
7.08333333299999879E9	-2.08567391508211752E1
7.50000000000000000E9	-2.09453563361942319E1
7.91666666599999935E9	-1.97480885900024639E1
8.33333333299999879E9	-2.02240125984694874E1
8.75000000000000000E9	-2.10217428888408531E1
9.58333333300000056E9	-1.20235113632625423E1
1.00000000000000000E10	-9.20192186505470033E0
1.08333333400000020E10	-6.84878600218263767E0
1.16666666699999988E10	-7.55227881535933143E0
1.20833333400000020E10	-9.26831883466958573E0
1.25000000000000000E10	-1.28607621130915217E1
1.31250000000000000E10	-1.56827881719881179E1
1.37500000000000000E10	-1.22489555282132834E1
1.43750000000000000E10	-9.42259635410157870E0
1.50000000000000000E10	-6.90019431049903798E0


freq	dB(S11_fitted)
0.00000000000000000E0	-3.47157887959183897E-14
8.23509807203752509E0	-3.27871338628118236E-14
8.23509807203752509E1	-5.97883029263040200E-14
8.23509807203752509E2	-2.82547947700159074E-12
8.23509807203752509E3	-2.78856502162623476E-10
1.03673742315051931E4	-4.41943563312882226E-10
1.30517508736219123E4	-7.00412254190156780E-10
1.64311808432093498E4	-1.11005181173241896E-9
2.06856311093017586E4	-1.75930167226358991E-9
2.60416666624999582E4	-2.78827765244397430E-9
3.27845159268941932E4	-4.41908172596030457E-9
4.12732602137377125E4	-7.00376960059011378E-9
5.19599561106675800E4	-1.11001709658196690E-8
6.54137091434290330E4	-1.75925577187962534E-8
8.23509807203752686E4	-2.78822240050778491E-8
1.03673742315051953E5	-4.41901375099081051E-8
1.30517508736219212E5	-7.00361658723328517E-8
1.64311808432093609E5	-1.10998666879021446E-7
2.06856311093017720E5	-1.75918058965678847E-7
2.60416666624999715E5	-2.78803918963005559E-7
3.27845159268942243E5	-4.41855886315173674E-7
4.12732602137377391E5	-7.00247845268964220E-7
5.19599561106676155E5	-1.10970117593564255E-6
6.54137091434290863E5	-1.75846443486492165E-6
8.23509807203753397E5	-2.78624163984954665E-6
1.03673742315052064E6	-4.41404635885030494E-6
1.30517508736219279E6	-6.99115281995504301E-6
1.64311808432093676E6	-1.10685986068317432E-5
2.06856311093017853E6	-1.75134127414690965E-5
2.60416666624999893E6	-2.76840410282849714E-5
3.27845159268942377E6	-4.36945780772875825E-5
4.12732602137377569E6	-6.88000653163172693E-5
5.19599561106676333E6	-1.07927548545535057E-4
6.54137091434291040E6	-1.68334623401877459E-4
8.23509807203753752E6	-2.60253707958448199E-4
1.03673742315052131E7	-3.97115417713170249E-4
1.30517508736219368E7	-5.94536965547315432E-4
1.64311808432093764E7	-8.67005806657804357E-4
2.06856311093017986E7	-1.22198335377384382E-3
2.60416666624999982E7	-1.65401426989919509E-3
2.94440088370690578E7	-1.90991432651475623E-3
3.28623616864187529E7	-2.15024425249145601E-3
4.13712622186035972E7	-2.68080262606665265E-3
5.20833333249999963E7	-3.24797583885635399E-3
6.38129625908469489E7	-3.80138404744638336E-3
7.81249999875000078E7	-4.44781874451463732E-3
9.05480361089449914E7	-5.01631815072811271E-3
1.04166666649999984E8	-5.66433418228415597E-3
1.30208333312499991E8	-6.99355856627050088E-3
1.56249999975000020E8	-8.43388501132239554E-3
1.82291666637500005E8	-9.95948878358451495E-3
2.08333333299999968E8	-1.15428539609146386E-2
2.30034722187499963E8	-1.28905792448490830E-2
2.51736111075000002E8	-1.42549068642646937E-2
2.73437499962499997E8	-1.56313734502485668E-2
2.95138888850000081E8	-1.70189961133939027E-2
3.16840277737500076E8	-1.84197702702396038E-2
3.38541666624999982E8	-1.98381560456020578E-2
3.60243055512499888E8	-2.12806138862012428E-2
3.81944444399999972E8	-2.27552158760177470E-2
4.03645833287500011E8	-2.42713391431081771E-2
4.25347222175000006E8	-2.58394368519469619E-2
4.47048611062500090E8	-2.74708772180531247E-2
4.68749999949999996E8	-2.91778394119093720E-2
4.90451388837499991E8	-3.09732555658106934E-2
5.12152777725000075E8	-3.28707893628571712E-2
5.33854166612500070E8	-3.48848432761270866E-2
5.55555555500000064E8	-3.70305881160549433E-2
5.77256944390625026E8	-3.93240099724692094E-2
5.98958333281249899E8	-4.17819708457993766E-2
6.20659722171875039E8	-4.44222802497580371E-2
6.42361111062500090E8	-4.72637758390344498E-2
6.64062499953124963E8	-5.03264117211427831E-2
6.85763888843750102E8	-5.36313535666869701E-2
7.07465277734375064E8	-5.72010799746216048E-2
7.29166666624999937E8	-6.10594898009777953E-2
7.50868055515624899E8	-6.52320153414835069E-2
7.72569444406249950E8	-6.97457413868401854E-2
7.94270833296875090E8	-7.46295302562888363E-2
8.15972222187500051E8	-7.99141529693655883E-2
8.37673611078125013E8	-8.56324267445762111E-2
8.59374999968749975E8	-9.18193590212361244E-2
8.81076388859375115E8	-9.85122981906690320E-2
9.02777777749999899E8	-1.05751091196835745E-1
9.24479166640625039E8	-1.13578248125332593E-1
9.46180555531250000E8	-1.22039113844125202E-1
9.67881944421874962E8	-1.31182046688756015E-1
9.89583333312499924E8	-1.41058604098427076E-1
1.01128472220312515E9	-1.51723735006601546E-1
1.03298611109374994E9	-1.63235978668609394E-1
1.05468749998437517E9	-1.75657669468695721E-1
1.07638888887499995E9	-1.89055147087608333E-1
1.09809027776562496E9	-2.03498971228446734E-1
1.11979166665624996E9	-2.19064139891449061E-1
1.14149305554687497E9	-2.35830309956540374E-1
1.16319444443749975E9	-2.53882018575617918E-1
1.18489583332812498E9	-2.73308903593589347E-1
1.20659722221874999E9	-2.94205920909745400E-1
1.22829861110937522E9	-3.16673556358676667E-1
1.25000000000000000E9	-3.40818029335733197E-1
1.26302083331249970E9	-3.56155995558309835E-1
1.27604166662500007E9	-3.72163150597292702E-1
1.28906249993750022E9	-3.88865570615923062E-1
1.30208333324999992E9	-4.06290147354320030E-1
1.31510416656249984E9	-4.24464598684824423E-1
1.32812499987499999E9	-4.43417477906807900E-1
1.34114583318749991E9	-4.63178181638592168E-1
1.35416666649999984E9	-4.83776956156084381E-1
1.36718749981249976E9	-5.05244902019144870E-1
1.38020833312499991E9	-5.27613976818118502E-1
1.39322916643750050E9	-5.50916995862728065E-1
1.40624999974999976E9	-5.75187630625365731E-1
1.41927083306250035E9	-6.00460404738574915E-1
1.43229166637499983E9	-6.26770687333666476E-1
1.44531249968749997E9	-6.54154683492077726E-1
1.45833333299999990E9	-6.82649421564649383E-1
1.47460937468749997E9	-7.19887540466031517E-1
1.49088541637499983E9	-7.58995990688285005E-1
1.50716145806250035E9	-8.00052240954816263E-1
1.52343749974999976E9	-8.43135516443414623E-1
1.53971354143750050E9	-8.88326689390219215E-1
1.55598958312499991E9	-9.35708149471981088E-1
1.57226562481249976E9	-9.85363652195808193E-1
1.58854166649999984E9	-1.03737814362208014E0
1.60481770818749991E9	-1.09183755999007714E0
1.62109374987500021E9	-1.14882860124737451E0
1.63736979156249984E9	-1.20843847812348670E0
1.65364583324999970E9	-1.27075463322990023E0
1.66992187493749999E9	-1.33586443766376695E0
1.68619791662499985E9	-1.40385486564566198E0
1.70247395831250037E9	-1.47481215069861449E0
1.71875000000000000E9	-1.54882142761702446E0
1.73502604168749963E9	-1.62596636483987456E0
1.75130208337500015E9	-1.70632879174037067E0
1.76757812506250001E9	-1.78998832477352776E0
1.78385416675000030E9	-1.87702199547722715E0
1.80013020843750016E9	-1.96750388218294181E0
1.81640625012499979E9	-2.06150474618241608E0
1.83268229181249964E9	-2.15909167222426479E0
1.84895833350000016E9	-2.26032771272629684E0
1.86523437518750024E9	-2.36527153503486387E0
1.88151041687500009E9	-2.47397707139174283E0
1.89778645856249994E9	-2.58649317186415217E0
1.91406250025000024E9	-2.70286326119411680E0
1.93033854193749965E9	-2.82312500118002729E0
1.94661458362499995E9	-2.94730996069672724E0
1.96289062531250025E9	-3.07544329571990094E0
1.97916666700000010E9	-3.20754344172389283E0
1.99544270865625006E9	-3.34362182032081057E0
2.01171875031250025E9	-3.48368256314742997E0
2.02799479196875065E9	-3.62772225152422978E0
2.04427083362500017E9	-3.77572967488364819E0
2.06054687528124925E9	-3.92768560642152487E0
2.07682291693749965E9	-4.08356259521578124E0
2.09309895859375006E9	-4.24332477311299616E0
2.10937500025000002E9	-4.40692767404301389E0
2.12565104190624998E9	-4.57431806285612996E0
2.14192708356250039E9	-4.74543377030005331E0
2.15820312521874991E9	-4.92020353037964053E0
2.17447916687500031E9	-5.09854681608132321E0
2.19075520853124983E9	-5.28037366930736773E0
2.20703125018750068E9	-5.46558452086425728E0
2.22330729184375020E9	-5.65406999649344932E0
2.23958333350000016E9	-5.84571070523401382E0
2.25585937515624968E9	-6.04037700687824053E0
2.27213541681249964E9	-6.23792875593151130E0
2.28841145846875005E9	-6.43821502033464643E0
2.30468750012500001E9	-6.64107377426025458E0
2.32096354178124953E9	-6.84633156556837719E0
2.33723958343750038E9	-7.05380316001593499E0
2.35351562509374990E9	-7.26329116606619341E0
2.36979166674999986E9	-7.47458564615184695E0
2.38606770840624982E9	-7.68746372250683319E0
2.40234375006250023E9	-7.90168918819646571E0
2.41861979171875019E9	-8.11701213672788313E0
2.43489583337500060E9	-8.33316862658099211E0
2.45117187503124967E9	-8.54988040011902939E0
2.46744791668750008E9	-8.76685467954408360E0
2.48372395834375004E9	-8.98378406575294619E0
2.50000000000000000E9	-9.20034656899275305E0
2.52604166674999986E9	-9.54523857817576271E0
2.55208333350000016E9	-9.88687414960756072E0
2.57812500025000002E9	-1.02237179553548141E1
2.60416666700000032E9	-1.05541630410241782E1
2.62044270865624984E9	-1.07567055468592798E1
2.63671875031250025E9	-1.09556881436710762E1
2.65299479196875065E9	-1.11506967289582515E1
2.66927083362500017E9	-1.13413186329524729E1
2.68554687528124925E9	-1.15271461855586987E1
2.70182291693750010E9	-1.17077806068275514E1
2.71809895859375050E9	-1.18828361632598378E1
2.73437500024999958E9	-1.20519445137006587E1
2.75065104190624998E9	-1.22147591509176023E1
2.76692708356249950E9	-1.23709598294604217E1
2.78320312521875035E9	-1.25202568584349017E1
2.79947916687500031E9	-1.26623951306817006E1
2.81575520853124983E9	-1.27971577586221463E1
2.83203125018750024E9	-1.29243691924671333E1
2.84830729184375020E9	-1.30438977088458796E1
2.86458333350000016E9	-1.31556571769257746E1
2.88085937515625012E9	-1.32596080338935862E1
2.89713541681249964E9	-1.33557574308608751E1
2.91341145846875049E9	-1.34441585420197129E1
2.92968750012499957E9	-1.35249090621400581E1
2.94596354178125086E9	-1.35981489481372941E1
2.96223958343749993E9	-1.36640574874941723E1
2.97851562509374990E9	-1.37228497981797859E1
2.99479166674999986E9	-1.37747728802489311E1
3.02734375006249934E9	-1.38591329732165658E1
3.05989583337499971E9	-1.39195855098260890E1
3.09244791668750008E9	-1.39588062310663519E1
3.12500000000000000E9	-1.39795660617571760E1
3.16406250000000000E9	-1.39839777318181557E1
3.20312500000000000E9	-1.39702997473501145E1
3.24218750000000000E9	-1.39426927973728598E1
3.28125000000000000E9	-1.39048547542596257E1
3.32031250000000000E9	-1.38599885578788085E1
3.35937500000000000E9	-1.38108094689038774E1
3.39843750000000000E9	-1.37595776162281025E1
3.43750000000000000E9	-1.37081444886500048E1
3.47656250000000000E9	-1.36580050891895310E1
3.51562500000000000E9	-1.36103502309054547E1
3.55468750000000000E9	-1.35661156412818129E1
3.59375000000000000E9	-1.35260261273995486E1
3.63281250000000000E9	-1.34906341185026046E1
3.67187500000000000E9	-1.34603525649576339E1
3.71093750000000000E9	-1.34354825479117879E1
3.75000000000000000E9	-1.34162361368101002E1
3.78906250000000000E9	-1.34027550932463546E1
3.82812500000000000E9	-1.33951260091580249E1
3.86718750000000000E9	-1.33933924182597908E1
3.90625000000000000E9	-1.33975643528788102E1
3.94531250000000000E9	-1.34076257467181303E1
3.98437500000000000E9	-1.34235400147739159E1
4.02343750000000000E9	-1.34452540784963093E1
4.06250000000000000E9	-1.34727010490989652E1
4.10156250000000000E9	-1.35058017353723381E1
4.14062500000000000E9	-1.35444651046070152E1
4.17968750000000000E9	-1.35885877962974977E1
4.21875000000000000E9	-1.36380527682542474E1
4.25781250000000000E9	-1.36927271438526854E1
4.29687500000000000E9	-1.37524593278386220E1
4.33593750000000000E9	-1.38170754669868656E1
4.37500000000000000E9	-1.38863753515920263E1
4.41406250000000000E9	-1.39601278847038368E1
4.45312500000000000E9	-1.40380662881685825E1
4.49218750000000000E9	-1.41198832670294694E1
4.53125000000000000E9	-1.42052264144756801E1
4.57031250000000000E9	-1.42936942043313997E1
4.60937500000000000E9	-1.43848329808296227E1
4.64843750000000000E9	-1.44781354074179891E1
4.68750000000000000E9	-1.45730408665200373E1
4.72656250000000000E9	-1.46689382977079874E1
4.76562500000000000E9	-1.47651719095132927E1
4.80468750000000000E9	-1.48610500888904196E1
4.84375000000000000E9	-1.49558576558488343E1
4.88281250000000000E9	-1.50488713708783917E1
4.92187500000000000E9	-1.51393783125646486E1
4.96093750000000000E9	-1.52266964279492356E1
5.00000000000000000E9	-1.53101962561962313E1
5.02604166665625041E9	-1.53634636762941179E1
5.05208333331249992E9	-1.54146434215084782E1
5.07812499996875122E9	-1.54636146338853142E1
5.10416666662499985E9	-1.55102795958979911E1
5.13020833328125025E9	-1.55545653903041714E1
5.15624999993750066E9	-1.55964251153619715E1
5.18229166659375018E9	-1.56358386202051669E1
5.20833333324999881E9	-1.56728127436840659E1
5.23437499990625010E9	-1.57073810591895735E1
5.26041666656249873E9	-1.57396031466805963E1
5.28645833321875003E9	-1.57695634301821519E1
5.31249999987500132E9	-1.57973696334392111E1
5.33854166653124906E9	-1.58231509174632734E1
5.36458333318749947E9	-1.58470557709616999E1
5.39062499984374988E9	-1.58692497279716571E1
5.41666666650000028E9	-1.58899129865964150E1
5.44270833315624891E9	-1.59092379989802546E1
5.46874999981250021E9	-1.59274270961537345E1
5.49479166646874884E9	-1.59446902028363091E1
5.52083333312500013E9	-1.59612426874396940E1
5.54687499978124787E9	-1.59773033820758759E1
5.57291666643749828E9	-1.59930927969730896E1
5.59895833309374957E9	-1.60088315438563100E1
5.62499999975000087E9	-1.60247389739430224E1
5.67708333306249902E9	-1.60579242935373512E1
5.72916666637500072E9	-1.60943396688424012E1
5.78124999968749975E9	-1.61356021899806867E1
5.83333333299999968E9	-1.61832432487256672E1
5.88541666631249960E9	-1.62387037981734283E1
5.93749999962499952E9	-1.63033340937529259E1
5.98958333293750034E9	-1.63783954997451309E1
6.04166666624999937E9	-1.64650622871502139E1
6.09374999956249930E9	-1.65644216959662272E1
6.14583333287500100E9	-1.66774708270030558E1
6.19791666618750003E9	-1.68051091338742831E1
6.24999999950000085E9	-1.69481253935681409E1
6.30208333281249899E9	-1.71071780458008371E1
6.35416666612499981E9	-1.72827677184984130E1
6.40624999943750151E9	-1.74752006209429611E1
6.45833333274999966E9	-1.76845413256572348E1
6.51041666606249958E9	-1.79105533424831043E1
6.56249999937499950E9	-1.81526259305789006E1
6.61458333268749765E9	-1.84096859916540612E1
6.66666666600000024E9	-1.86800949493499080E1
6.71874999937500128E9	-1.89615326975022258E1
6.77083333275000143E9	-1.92508745828784233E1
6.82291666612499892E9	-1.95440736192236986E1
6.87499999950000085E9	-1.98360690746632828E1
6.92708333287500189E9	-2.01207537831605254E1
6.97916666624999937E9	-2.03910436837454068E1
7.03124999962499952E9	-2.06390990235234151E1
7.08333333299999879E9	-2.08567391508221656E1
7.18749999974999998E9	-2.11702321300708007E1
7.29166666649999939E9	-2.12859419703313524E1
7.39583333325000147E9	-2.11977626545377307E1
7.50000000000000000E9	-2.09453563361951245E1
7.60416666649999939E9	-2.05996839790229735E1
7.70833333299999879E9	-2.02406394159045266E1
7.81249999950000085E9	-1.99397083145139042E1
7.91666666599999935E9	-1.97480885900029191E1
8.02083333275000143E9	-1.96887370504874815E1
8.12499999950000173E9	-1.97370551119049642E1
8.22916666624999849E9	-1.99139424901842399E1
8.33333333299999879E9	-2.02240125984693764E1
8.38541666637500072E9	-2.04205117802098091E1
8.43749999974999909E9	-2.06324527853862572E1
8.48958333312499924E9	-2.08440359967544797E1
8.54166666649999762E9	-2.10334494670645356E1
8.59374999987500132E9	-2.11736192663219702E1
8.64583333324999970E9	-2.12349738695409584E1
8.69791666662499985E9	-2.11904653400990961E1
8.75000000000000000E9	-2.10217428888407909E1
8.80208333331250081E9	-2.07239321164219259E1
8.85416666662499985E9	-2.03065042189417966E1
8.90624999993750244E9	-1.97898241677624709E1
8.95833333324999970E9	-1.91994313861593691E1
9.01041666656250229E9	-1.85607722548256726E1
9.06249999987500132E9	-1.78959276209536178E1
9.11458333318750036E9	-1.72223900146012765E1
9.16666666649999762E9	-1.65531899690732831E1
9.21874999981250021E9	-1.58976308642668651E1
9.27083333312499924E9	-1.52621462791643170E1
9.32291666643749828E9	-1.46510489728571791E1
9.37499999974999909E9	-1.40671033253445121E1
9.42708333306249813E9	-1.35119323192069407E1
9.47916666637500072E9	-1.29862981934751609E1
9.53124999968749975E9	-1.24902984856940424E1
9.58333333300000056E9	-1.20235113632625512E1
9.63541666637500072E9	-1.15851135422813289E1
9.68749999974999909E9	-1.11739842323369065E1
9.73958333312499924E9	-1.07888008874791774E1
9.79166666649999762E9	-1.04281275243042981E1
9.84374999987500132E9	-1.00904937514747539E1
9.89583333324999970E9	-9.77446193600556867E0
9.94791666662499985E9	-9.47868042907892949E0
1.00000000000000000E10	-9.20192186505470922E0
1.00520833337500015E10	-8.94310674734469657E0
1.01041666675000008E10	-8.70131356119007648E0
1.01562500012500001E10	-8.47577732448554855E0
1.02083333350000016E10	-8.26587890040445927E0
1.02604166687500009E10	-8.07112747223303906E0
1.03125000025000002E10	-7.89113851063536664E0
1.03645833362499995E10	-7.72560936444743351E0
1.04166666699999988E10	-7.57429434892513331E0
1.04687500037500003E10	-7.43698092184078430E0
1.05208333375000018E10	-7.31346824504394277E0
1.05729166712500011E10	-7.20354913420168508E0
1.06250000049999960E10	-7.10699610591872855E0
1.06770833387499975E10	-7.02355194377105541E0
1.07291666724999990E10	-6.95292493059719519E0
1.07812500062499983E10	-6.89478864445226591E0
1.08333333400000020E10	-6.84878600218263944E0
1.08593750065624994E10	-6.83021667924938036E0
1.08854166731250013E10	-6.81453706917890223E0
1.09114583396874987E10	-6.80169791335979923E0
1.09375000062499983E10	-6.79165004123711302E0
1.09635416728125001E10	-6.78434484163341534E0
1.09895833393749998E10	-6.77973475857972385E0
1.10156250059374994E10	-6.77777380710253308E0
1.10416666724999990E10	-6.77841810474556627E0
1.10677083390625031E10	-6.78162641498077967E0
1.10937500056250005E10	-6.78736069906653938E0
1.11197916721874979E10	-6.79558667332672428E0
1.11458333387499975E10	-6.80627436923731199E0
1.11718750053124993E10	-6.81939869410230592E0
1.11979166718750012E10	-6.83493999046531098E0
1.12239583384375008E10	-6.85288459272423456E0
1.12500000049999960E10	-6.87322537968308911E0
1.12760416715625000E10	-6.89596232197735581E0
1.13020833381249974E10	-6.92110302343875805E0
1.13281250046875015E10	-6.94866325551526032E0
1.13541666712500011E10	-6.97866748382651814E0
1.13802083378125007E10	-7.01114938581056979E0
1.14062500043750026E10	-7.04615235820213037E0
1.14322916709374978E10	-7.08373001277676639E0
1.14583333375000018E10	-7.12394665840182828E0
1.14843750040624992E10	-7.16687776696022105E0
1.15104166706250011E10	-7.21261042016799436E0
1.15364583371875007E10	-7.26124373370635734E0
1.15625000037500003E10	-7.31288925445447635E0
1.15885416703124999E10	-7.36767132596945196E0
1.16145833368749996E10	-7.42572741674861891E0
1.16406250034375014E10	-7.48720840526760867E0
1.16666666699999988E10	-7.55227881535933498E0
1.16927083368749996E10	-7.62111699607380366E0
1.17187500037500003E10	-7.69391523506292341E0
1.17447916706250011E10	-7.77087980686220625E0
1.17708333375000018E10	-7.85223094153421375E0
1.17968750043750026E10	-7.93820271092179119E0
1.18229166712500011E10	-8.02904282445564732E0
1.18489583381249974E10	-8.12501232505026572E0
1.18750000049999960E10	-8.22638517048173057E0
1.19010416718750012E10	-8.33344767518074647E0
1.19270833387499975E10	-8.44649776804155827E0
1.19531250056250005E10	-8.56584398863056329E0
1.19791666724999990E10	-8.69180409062795611E0
1.20052083393749998E10	-8.82470304040333708E0
1.20312500062499983E10	-8.96487008512404770E0
1.20572916731250013E10	-9.11263442077093799E0
1.20833333400000020E10	-9.26831883466960882E0
1.21093750062499983E10	-9.43223057462984826E0
1.21354166724999990E10	-9.60464873189378920E0
1.21614583387499975E10	-9.78580764390603619E0
1.21875000049999960E10	-9.97587658674173738E0
1.22135416712500011E10	-1.01749371231596908E1
1.22395833375000018E10	-1.03829609290448888E1
1.22656250037500003E10	-1.05997920908659427E1
1.22916666699999988E10	-1.08251379581446838E1
1.23177083362499995E10	-1.10585709712911817E1
1.23437500025000002E10	-1.12995405800236015E1
1.23697916687500009E10	-1.15473906530359871E1
1.23958333350000016E10	-1.18013755032265100E1
1.24218750012500001E10	-1.20606680882698414E1
1.24479166675000008E10	-1.23243568684217597E1
1.24739583337499993E10	-1.25914316820482686E1
1.25000000000000000E10	-1.28607621130915351E1
1.25195312500000000E10	-1.30634793492549783E1
1.25390625000000000E10	-1.32661532457406062E1
1.25585937500000000E10	-1.34681285902476633E1
1.25781250000000000E10	-1.36686909668282897E1
1.25976562500000000E10	-1.38670662397851685E1
1.26171875000000000E10	-1.40624222269296406E1
1.26367187500000000E10	-1.42538728024111827E1
1.26562500000000000E10	-1.44404846294498901E1
1.26953125000000000E10	-1.47952825350441719E1
1.27343750000000000E10	-1.51188368806516871E1
1.27734375000000000E10	-1.54033061629528767E1
1.28125000000000000E10	-1.56416371822027922E1
1.28515625000000000E10	-1.58282548849009941E1
1.28906250000000000E10	-1.59596605383929613E1
1.29296875000000000E10	-1.60348020200105568E1
1.29687500000000000E10	-1.60551239239618515E1
1.30078125000000000E10	-1.60242877057224109E1
1.30468750000000000E10	-1.59476388610575381E1
1.30859375000000000E10	-1.58315519584345044E1
1.31250000000000000E10	-1.56827881719881157E1
1.31640625000000000E10	-1.55079635463080345E1
1.32031250000000000E10	-1.53131741392289533E1
1.32421875000000000E10	-1.51037787961935055E1
1.32812500000000000E10	-1.48843124629673507E1
1.33203125000000000E10	-1.46584926141699712E1
1.33593750000000000E10	-1.44292830105527936E1
1.33984375000000000E10	-1.41989863861808630E1
1.34375000000000000E10	-1.39693463314575972E1
1.35156250000000000E10	-1.35167986085682323E1
1.35937500000000000E10	-1.30779084881098573E1
1.36718750000000000E10	-1.26551901770751063E1
1.37500000000000000E10	-1.22489555282132856E1
1.38281250000000000E10	-1.18583046528023095E1
1.39062500000000000E10	-1.14817324724204339E1
1.39843750000000000E10	-1.11174890513456659E1
1.40625000000000000E10	-1.07637878436215884E1
1.41406250000000000E10	-1.04189223756658311E1
1.42187500000000000E10	-1.00813291037769059E1
1.42968750000000000E10	-9.74961962146529793E0
1.43750000000000000E10	-9.42259635410157692E0
1.44531250000000000E10	-9.09926035931056987E0
1.45312500000000000E10	-8.77881650941644232E0
1.46093750000000000E10	-8.46067931309440091E0
1.46875000000000000E10	-8.14448140254028097E0
1.47656250000000000E10	-7.83008593274910858E0
1.48437500000000000E10	-7.51760359067461614E0
1.49218750000000000E10	-7.20741443981042096E0
1.50000000000000000E10	-6.90019431049902909E0


