freq	dB(S11_discrete)
0.00000000000000000E0	-1.39827482650227752E-13
8.33333333500000073E7	-1.75985412153390097E-2
1.66666666700000010E8	-3.42411820894818808E-2
4.44444444500000024E8	-7.88184812403516233E-2
6.29629629599999951E8	-1.21011022458599760E-1
8.14814814799999887E8	-3.35222667024439058E-1
1.00000000000000000E9	-5.36059164090544016E0
1.04166666699999988E9	-8.85155091822031714E0
1.08333333300000012E9	-9.31859820476741163E0
1.16666666599999980E9	-2.31730254797030977E0
1.25000000000000000E9	-1.10112870619365255E0
1.41666666700000010E9	-4.72376115040792843E-1
1.50000000000000000E9	-3.46434790090430500E-1
1.61111111100000026E9	-6.35511516118937259E-1
1.66666666700000010E9	-1.83178906276967335E0
1.69444444499999980E9	-2.26221750738721905E0
1.75000000000000000E9	-2.46564072748186414E0
1.87500000000000000E9	-4.35439282369438363E0
1.91666666700000010E9	-5.55491949408662222E0
2.00000000000000000E9	-5.83729059694631758E0
2.12500000000000000E9	-8.35129379663362670E0
2.25000000000000000E9	-1.75488393582179536E1
2.41666666700000032E9	-1.43566525408367029E1
2.50000000000000000E9	-1.27456131460347599E1
2.59259259199999992E9	-1.10386548943620100E1
2.68518518499999947E9	-7.44704308634647294E0
2.77777777799999992E9	-6.94245834721852528E0
2.80092592600000012E9	-8.55579953210725463E0
2.82986111100000048E9	-1.34508656544713068E1
2.85879629599999907E9	-1.63498908705296175E1
2.91666666700000032E9	-9.61347267414944540E0
3.00000000000000000E9	-5.72147158689099466E0


freq	dB(S11_fitted)
0.00000000000000000E0	-1.39827482650227752E-13
8.27425244669943538E0	-1.23433915718821607E-13
8.27425244669943538E1	-1.97687130643426068E-13
8.27425244669943538E2	-8.28550159262979413E-12
8.27425244669943538E3	-8.15891432647458714E-10
1.04166666687499809E4	-1.29303294853621775E-9
1.31138063754786494E4	-2.04927301286480379E-9
1.65093040914384304E4	-3.24781922784241894E-9
2.07839824517492611E4	-5.14735822266933152E-9
2.61654836667911805E4	-8.15794903812842165E-9
3.29403923000086518E4	-1.29294162759119757E-8
4.14694969409498082E4	-2.04916867480836995E-8
5.22070035132822063E4	-3.24770206751969104E-8
6.57247233964983213E4	-5.14724704943850586E-8
8.27425244669944071E4	-8.15781262027006093E-8
1.04166666687499898E5	-1.29292140466140903E-7
1.31138063754786560E5	-2.04913134815943643E-7
1.65093040914384437E5	-3.24762768572478322E-7
2.07839824517492744E5	-5.14707692503226610E-7
2.61654836667912027E5	-8.15740356943183187E-7
3.29403923000086696E5	-1.29282020215146232E-6
4.14694969409498349E5	-2.04887878551603997E-6
5.22070035132822330E5	-3.24699510271519154E-6
6.57247233964983746E5	-5.14549019199756508E-6
8.27425244669944604E5	-8.15341983925550906E-6
1.04166666687499943E6	-1.29182011723141899E-5
1.31138063754786649E6	-2.04636837686674999E-5
1.65093040914384548E6	-3.24069543119867287E-5
2.07839824517492833E6	-5.12969037955547691E-5
2.61654836667912161E6	-8.11382800281565153E-5
3.29403923000086962E6	-1.28191287201809878E-4
4.14694969409498615E6	-2.02163147276214161E-4
5.22070035132822596E6	-3.17914381555085068E-4
6.57247233964984012E6	-4.97735602966718460E-4
8.27425244669944604E6	-7.73993373723769018E-4
1.04166666687500009E7	-1.19129640192145225E-3
1.17776035390675604E7	-1.49064116686000103E-3
1.31449446792996794E7	-1.81369367654208125E-3
1.65485048933988921E7	-2.69090536187891027E-3
2.08333333375000018E7	-3.87959324478447876E-3
2.55251850455278406E7	-5.20296521474344775E-3
3.12500000062500005E7	-6.76198979206572570E-3
3.62192144566169016E7	-8.03118802506327967E-3
4.16666666750000037E7	-9.32794361211275458E-3
5.20833333437500023E7	-1.15823199894307560E-2
6.25000000125000010E7	-1.36488604271627101E-2
7.29166666812499908E7	-1.56322859076861231E-2
8.33333333500000073E7	-1.75985412147089937E-2
9.37500000187499971E7	-1.95831772520440994E-2
1.04166666687500009E8	-2.16017403130134023E-2
1.14583333356249972E8	-2.36574025551357936E-2
1.25000000025000002E8	-2.57459870721399042E-2
1.35416666693749965E8	-2.78592042022122754E-2
1.45833333362499973E8	-2.99867447011881127E-2
1.56250000031250003E8	-3.21176454708435033E-2
1.66666666700000010E8	-3.42411820896425834E-2
1.75347222256250035E8	-3.59979869615079906E-2
1.84027777812500015E8	-3.77376488409521427E-2
1.92708333368749973E8	-3.94556928317529998E-2
2.01388888925000042E8	-4.11483385724583606E-2
2.10069444481250001E8	-4.28125141427798184E-2
2.18750000037500003E8	-4.44458472343475464E-2
2.27430555593749961E8	-4.60466393688561215E-2
2.36111111150000008E8	-4.76138278307408314E-2
2.44791666706249966E8	-4.91469391154437130E-2
2.53472222262500013E8	-5.06460369954177647E-2
2.62152777818749971E8	-5.21116677311994092E-2
2.70833333375000018E8	-5.35448044698833137E-2
2.79513888931249932E8	-5.49467924634099703E-2
2.88194444487499979E8	-5.63192963887113329E-2
2.96875000043750026E8	-5.76642507553731054E-2
3.05555555600000073E8	-5.89838141346415323E-2
3.14236111156249986E8	-6.02803277340278676E-2
3.22916666712500078E8	-6.15562786667629602E-2
3.31597222268750036E8	-6.28142681235674427E-2
3.40277777825000038E8	-6.40569845393124648E-2
3.48958333381249997E8	-6.52871817582171055E-2
3.57638888937499910E8	-6.65076621323027517E-2
3.66319444493750002E8	-6.77212644381254236E-2
3.75000000050000049E8	-6.89308564628694587E-2
3.83680555606249962E8	-7.01393320904559747E-2
3.92361111162500009E8	-7.13496127091414412E-2
4.01041666718750012E8	-7.25646527626937488E-2
4.09722222275000014E8	-7.37874492778086033E-2
4.18402777831250017E8	-7.50210552150282162E-2
4.27083333387499930E8	-7.62685965148660827E-2
4.35763888943750022E8	-7.75332927391531168E-2
4.44444444500000024E8	-7.88184812406961122E-2
4.56018518568749975E8	-8.05699872589853783E-2
4.67592592637499926E8	-8.23728959938120830E-2
4.79166666706249966E8	-8.42366763937732621E-2
4.90740740775000006E8	-8.61716766942014978E-2
4.96527777809374893E8	-8.71694055861330774E-2
5.02314814843750046E8	-8.81893175471806146E-2
5.08101851878124933E8	-8.92330435218594786E-2
5.13888888912499997E8	-9.03023102810582401E-2
5.19675925946875061E8	-9.13989488517405491E-2
5.25462962981249948E8	-9.25249034911904289E-2
5.31250000015624924E8	-9.36822412498674417E-2
5.37037037050000077E8	-9.48731621738745901E-2
5.42824074084374875E8	-9.61000102021744240E-2
5.48611111118749939E8	-9.73652848229795964E-2
5.54398148153125181E8	-9.86716535592452182E-2
5.60185185187499979E8	-1.00021965362747123E-1
5.65972222221874954E8	-1.01419265005051340E-1
5.71759259256249930E8	-1.02866808564496615E-1
5.77546296290625172E8	-1.04368080119488571E-1
5.83333333325000059E8	-1.05926809771907671E-1
5.89120370359375034E8	-1.07546993138124369E-1
5.94907407393750098E8	-1.09232912463104248E-1
6.00694444428125074E8	-1.10989159529185732E-1
6.06481481462500049E8	-1.12820660554210228E-1
6.12268518496875025E8	-1.14732703295286065E-1
6.18055555531250089E8	-1.16730966602053976E-1
6.23842592565624976E8	-1.18821552692487042E-1
6.29629629599999951E8	-1.21011022459012407E-1
6.35416666637500072E8	-1.23306434151860134E-1
6.41203703674999836E8	-1.25715385823981696E-1
6.46990740712499957E8	-1.28246061988575866E-1
6.52777777750000077E8	-1.30907284976550797E-1
6.58564814787500108E8	-1.33708571560518896E-1
6.64351851825000050E8	-1.36660195483541025E-1
6.70138888862499993E8	-1.39773256615733610E-1
6.75925925900000113E8	-1.43059757562213186E-1
6.81712962937500144E8	-1.46532688659583243E-1
6.87499999974999998E8	-1.50206122429592304E-1
6.93287037012499940E8	-1.54095318712082729E-1
6.99074074049999972E8	-1.58216841874675440E-1
7.04861111087500092E8	-1.62588691702638988E-1
7.10648148125000034E8	-1.67230449810973969E-1
7.16435185162499977E8	-1.72163443698760577E-1
7.22222222199999919E8	-1.77410930890858354E-1
7.33796296275000071E8	-1.88953333936997581E-1
7.45370370349999956E8	-2.02090873458581211E-1
7.56944444425000018E8	-2.17103980236297023E-1
7.68518518499999992E8	-2.34331925518041428E-1
7.74305555537499934E8	-2.43902190176632772E-1
7.80092592575000054E8	-2.54187872849272711E-1
7.85879629612499819E8	-2.65255384541244066E-1
7.91666666649999939E8	-2.77178536836805600E-1
7.97453703687499882E8	-2.90039529833766974E-1
8.03240740725000002E8	-3.03930094139547258E-1
8.09027777762499944E8	-3.18952814362709569E-1
8.14814814799999887E8	-3.35222667024613452E-1
8.20601851837500007E8	-3.52868812521760233E-1
8.26388888874999950E8	-3.72036688988133202E-1
8.32175925912499892E8	-3.92890466004697858E-1
8.37962962949999834E8	-4.15615928551038749E-1
8.43749999987500132E8	-4.40423876976594997E-1
8.49537037024999719E8	-4.67554147834364908E-1
8.55324074062499839E8	-4.97280384105269846E-1
8.61111111099999604E8	-5.29915712830104102E-1
8.66898148137500080E8	-5.65819524947444474E-1
8.72685185175000022E8	-6.05405598060552563E-1
8.78472222212499965E8	-6.49151860212543497E-1
8.84259259249999907E8	-6.97612164304567983E-1
8.90046296287500027E8	-7.51430531791474365E-1
8.95833333324999970E8	-8.11358434336298551E-1
9.01620370362499912E8	-8.78275816746300997E-1
9.07407407400000032E8	-9.53216726301965345E-1
9.13194444437499975E8	-1.03740060195099382E0
9.18981481474999917E8	-1.13227048369565786E0
9.24768518512499860E8	-1.23953960326976342E0
9.30555555549999802E8	-1.36124795262097242E0
9.36342592587499922E8	-1.49983036614717946E0
9.42129629625000042E8	-1.65819711986527918E0
9.47916666662499985E8	-1.83982647332935456E0
9.53703703700000105E8	-2.04886478344069589E0
9.56597222218750076E8	-2.16516458458019434E0
9.59490740737500047E8	-2.29022140593137014E0
9.62384259256250019E8	-2.42477806214185287E0
9.65277777774999990E8	-2.56962771427724590E0
9.68171296293750139E8	-2.72560842289968441E0
9.71064814812499932E8	-2.89359254035566016E0
9.73958333331250081E8	-3.07446851639651086E0
9.76851851849999875E8	-3.26911173283128287E0
9.79745370368750024E8	-3.47833973629838766E0
9.82638888887500173E8	-3.70284571079457292E0
9.85532407406249966E8	-3.94310235927328012E0
9.88425925924999937E8	-4.19922696980339083E0
9.91319444443750086E8	-4.47079832382625320E0
9.94212962962500058E8	-4.75661928923419541E0
9.97106481481250029E8	-5.05442906198905106E0
1.00000000000000000E9	-5.36059164090553431E0
1.00260416668750008E9	-5.63895337348232584E0
1.00520833337500015E9	-5.91477333320348553E0
1.00781250006249978E9	-6.18199985893595105E0
1.01041666675000008E9	-6.43404875014381261E0
1.01302083343749993E9	-6.66467085028175710E0
1.01562500012500001E9	-6.86920397003285466E0
1.01822916681250009E9	-7.04600385952282515E0
1.02083333350000016E9	-7.19765234786007468E0
1.02343750018750002E9	-7.33146999302365288E0
1.02604166687500009E9	-7.45902474054308051E0
1.02864583356249994E9	-7.59468511058751083E0
1.03125000025000002E9	-7.75361551986778341E0
1.03385416693749965E9	-7.94974864422901284E0
1.03645833362499995E9	-8.19414938327267706E0
1.03906250031250003E9	-8.49392117115441003E0
1.04166666699999988E9	-8.85155091822070794E0
1.04427083362499995E9	-9.26443628544338260E0
1.04687500025000002E9	-9.72431149972059927E0
1.04947916687500009E9	-1.02163864158714945E1
1.05208333350000016E9	-1.07182673774431092E1
1.05468750012500001E9	-1.11991981807878238E1
1.05729166675000008E9	-1.16208263710679183E1
1.05989583337499993E9	-1.19411635171332997E1
1.06250000000000000E9	-1.21226471210977405E1
1.06510416662500007E9	-1.21423907381221885E1
1.06770833324999992E9	-1.19994229393750129E1
1.07031249987499999E9	-1.17141155344199843E1
1.07291666649999984E9	-1.13202197350020795E1
1.07552083312499991E9	-1.08547089248342643E1
1.07812499974999998E9	-1.03503404364448226E1
1.08072916637500005E9	-9.83240928618967303E0
1.08333333300000012E9	-9.31859820476712031E0
1.08593749965624986E9	-8.82028650488203425E0
1.08854166631250004E9	-8.34418878931205654E0
1.09114583296875001E9	-7.89379955547943268E0
1.09374999962499997E9	-7.47049597909551810E0
1.09635416628124993E9	-7.07431839025338771E0
1.09895833293749989E9	-6.70449866664933936E0
1.10156249959375008E9	-6.35980787326651065E0
1.10416666624999982E9	-6.03878018154675900E0
1.10677083290625022E9	-5.73985432536078122E0
1.10937499956249974E9	-5.46146096821313343E0
1.11197916621874993E9	-5.20207497097760285E0
1.11458333287499989E9	-4.96024507985696594E0
1.11718749953124985E9	-4.73460922174503374E0
1.11979166618750026E9	-4.52390073674585036E0
1.12239583284375000E9	-4.32694900729176002E0
1.12499999950000040E9	-4.14267672298160328E0
1.12760416615624992E9	-3.97009522462644382E0
1.13020833281249988E9	-3.80829885203374019E0
1.13281249946875007E9	-3.65645888135475428E0
1.13541666612500025E9	-3.51381741673321590E0
1.13802083278125021E9	-3.37968145684765675E0
1.14062499943749995E9	-3.25341726325762925E0
1.14322916609374969E9	-3.13444509695454387E0
1.14583333275000010E9	-3.02223435085652303E0
1.15104166606250002E9	-2.81619393010568642E0
1.15624999937500017E9	-2.63187353353904196E0
1.16145833268749987E9	-2.46638929354301650E0
1.16666666599999980E9	-2.31730254796970669E0
1.17187499937500017E9	-2.18254344753041085E0
1.17708333275000010E9	-2.06034855345248769E0
1.18229166612500025E9	-1.94920981494633505E0
1.18749999950000040E9	-1.84783278906164861E0
1.19270833287499989E9	-1.75510233559579509E0
1.19791666624999982E9	-1.67005436741189683E0
1.20312499962499997E9	-1.59185251222979485E0
1.20833333300000012E9	-1.51976876693572382E0
1.21354166637500005E9	-1.45316740614990048E0
1.21874999974999998E9	-1.39149155124059032E0
1.22395833312499991E9	-1.33425192122283764E0
1.22916666649999984E9	-1.28101737891930290E0
1.23437499987499999E9	-1.23140695917017551E0
1.23958333324999992E9	-1.18508312459557086E0
1.24479166662500007E9	-1.14174604148216807E0
1.25000000000000000E9	-1.10112870619317649E0
1.25520833334375004E9	-1.06299278320591983E0
1.26041666668750030E9	-1.02712503916704145E0
1.26562500003125011E9	-9.93334280789218127E-1
1.27083333337499993E9	-9.61448715950214883E-1
1.27604166671875019E9	-9.31313674213668641E-1
1.28125000006249978E9	-9.02789632358811645E-1
1.28645833340624982E9	-8.75750499658485104E-1
1.29166666675000008E9	-8.50082124971555686E-1
1.29687500009375012E9	-8.25680993767840121E-1
1.30208333343750016E9	-8.02453088216559429E-1
1.30729166678125019E9	-7.80312887633491314E-1
1.31250000012500001E9	-7.59182490054361736E-1
1.31770833346874983E9	-7.38990838602117961E-1
1.32291666681250009E9	-7.19673038750276550E-1
1.32812500015625012E9	-7.01169754630659536E-1
1.33333333350000016E9	-6.83426674261807943E-1
1.34375000018750024E9	-6.50026202066546599E-1
1.35416666687500009E9	-6.19120843897138062E-1
1.36458333356249950E9	-5.90414808310351091E-1
1.37500000025000024E9	-5.63658224670764341E-1
1.38541666693749965E9	-5.38639965011653388E-1
1.39583333362500017E9	-5.15182019471675989E-1
1.40625000031250003E9	-4.93135207865606073E-1
1.41666666700000010E9	-4.72376115040531186E-1
1.42187500031250003E9	-4.62447459989840848E-1
1.42708333362500017E9	-4.52805242877198033E-1
1.43229166693749965E9	-4.43440677025723495E-1
1.43750000025000024E9	-4.34346488805122899E-1
1.44270833356249950E9	-4.25516993680452504E-1
1.44791666687500009E9	-4.16948208109949636E-1
1.45312500018750024E9	-4.08638003361786151E-1
1.45833333350000016E9	-4.00586308776143252E-1
1.46354166681250009E9	-3.92795373754236454E-1
1.46875000012499979E9	-3.85270099867506755E-1
1.47395833343750016E9	-3.78018457028364452E-1
1.47916666675000008E9	-3.71052000728149478E-1
1.48437500006249978E9	-3.64386511031090077E-1
1.48958333337499993E9	-3.58042778413867291E-1
1.49479166668749985E9	-3.52047566773695797E-1
1.50000000000000000E9	-3.46434790090338174E-1
1.50694444443749997E9	-3.39620889109347424E-1
1.51388888887499973E9	-3.33693869379449737E-1
1.52083333331250015E9	-3.28826022054503841E-1
1.52777777775000012E9	-3.25243547013128076E-1
1.53472222218750010E9	-3.23241696697350545E-1
1.54166666662500007E9	-3.23203887371146870E-1
1.54861111106250005E9	-3.25625461331722832E-1
1.55555555550000024E9	-3.31142596647876442E-1
1.56249999993750022E9	-3.40566344828189838E-1
1.56944444437500019E9	-3.54920676923543299E-1
1.57638888881249994E9	-3.75481356788912857E-1
1.58333333324999992E9	-4.03808941752076489E-1
1.59027777768750012E9	-4.41763735956356385E-1
1.59722222212499987E9	-4.91482934789752601E-1
1.60416666656249984E9	-5.55291463162218424E-1
1.61111111100000026E9	-6.35511516119223785E-1
1.61458333324999970E9	-6.82424141722295907E-1
1.61805555550000046E9	-7.34138843755259174E-1
1.62152777774999990E9	-7.90777556395582160E-1
1.62500000000000000E9	-8.52377580579949168E-1
1.62847222225000010E9	-9.18873396535946441E-1
1.63194444449999954E9	-9.90080339294120648E-1
1.63541666675000030E9	-1.06568201108824967E0
1.63888888899999974E9	-1.14522341800823946E0
1.64583333349999994E9	-1.31362561404707190E0
1.65277777800000014E9	-1.48912857980304203E0
1.65972222249999990E9	-1.66433753610275037E0
1.66666666700000010E9	-1.83178906276999487E0
1.67361111150000008E9	-1.97781635744127882E0
1.68055555599999984E9	-2.09830994511130919E0
1.68750000050000004E9	-2.19238825678226856E0
1.69444444499999980E9	-2.26221750738711691E0
1.70138888937499999E9	-2.31191886003553915E0
1.70833333375000018E9	-2.34644142713053139E0
1.71527777812500015E9	-2.37070295429925437E0
1.72222222250000034E9	-2.38908340708229217E0
1.72916666687500009E9	-2.40521646402117995E0
1.73611111124999984E9	-2.42197616829637985E0
1.74305555562499959E9	-2.44156524964593036E0
1.75000000000000000E9	-2.46564072748181706E0
1.75781250000000000E9	-2.49961669484124549E0
1.76562500000000000E9	-2.54213215381040181E0
1.77343750000000000E9	-2.59415224000039313E0
1.78125000000000000E9	-2.65642027173668138E0
1.78906250000000000E9	-2.72953937177700778E0
1.79687500000000000E9	-2.81402641368371143E0
1.80468750000000000E9	-2.91034440416451901E0
1.81250000000000000E9	-3.01891768942502559E0
1.82031250000000000E9	-3.14013265817422127E0
1.82812500000000000E9	-3.27432508197537420E0
1.83593750000000000E9	-3.42175390214018726E0
1.84375000000000000E9	-3.58256011839768229E0
1.85156250000000000E9	-3.75670846242447221E0
1.85937500000000000E9	-3.94390883297055739E0
1.86718750000000000E9	-4.14351425268640572E0
1.87500000000000000E9	-4.35439282369425662E0
1.88020833337500015E9	-4.50039833706120618E0
1.88541666675000030E9	-4.64992557301827514E0
1.89062500012499979E9	-4.80207129523439935E0
1.89583333350000016E9	-4.95572364946511712E0
1.90104166687500009E9	-5.10954163605492973E0
1.90625000025000024E9	-5.26194081005773384E0
1.91145833362499995E9	-5.41108934949107745E0
1.91666666700000010E9	-5.55491949408643748E0
1.92187500031250025E9	-5.69115983791798463E0
1.92708333362499995E9	-5.81739369011451402E0
1.93229166693749965E9	-5.93114721759644681E0
1.93750000025000024E9	-6.03000808956362899E0
1.94270833356249994E9	-6.11177066799849023E0
1.94791666687500009E9	-6.17459798299597740E0
1.95312500018750024E9	-6.21718486674074899E0
1.95833333350000016E9	-6.23890237620005639E0
1.96354166681249964E9	-6.23990275423956131E0
1.96875000012499979E9	-6.22116775111420051E0
1.97395833343750016E9	-6.18449092450532678E0
1.97916666675000030E9	-6.13239483623959103E0
1.98437500006250001E9	-6.06799418766177467E0
1.98958333337500015E9	-5.99482327559609285E0
1.99479166668749963E9	-5.91664916261200879E0
2.00000000000000000E9	-5.83729059694616836E0
2.00390625000000000E9	-5.77923444570568190E0
2.00781250000000000E9	-5.72408684101122489E0
2.01171875000000000E9	-5.67323115504647202E0
2.01562500000000000E9	-5.62793426391865381E0
2.01953125000000000E9	-5.58933509891188951E0
2.02343750000000000E9	-5.55843835999156788E0
2.02734375000000000E9	-5.53611265546480880E0
2.03125000000000000E9	-5.52309229735277007E0
2.03515625000000000E9	-5.51998200397405725E0
2.03906250000000000E9	-5.52726381853278070E0
2.04296875000000000E9	-5.54530562870964605E0
2.04687500000000000E9	-5.57437075565477613E0
2.05078125000000000E9	-5.61462816376129492E0
2.05468750000000000E9	-5.66616292073596739E0
2.05859375000000000E9	-5.72898660856887876E0
2.06250000000000000E9	-5.80304744923651139E0
2.06640625000000000E9	-5.88823996433997721E0
2.07031250000000000E9	-5.98441403576149700E0
2.07421875000000000E9	-6.09138327533144519E0
2.07812500000000000E9	-6.20893264598102057E0
2.08203125000000000E9	-6.33682530542782363E0
2.08593750000000000E9	-6.47480866659612442E0
2.08984375000000000E9	-6.62261968718589422E0
2.09375000000000000E9	-6.77998941454497572E0
2.09765625000000000E9	-6.94664682174173898E0
2.10156250000000000E9	-7.12232197695668123E0
2.10546875000000000E9	-7.30674859148073530E0
2.10937500000000000E9	-7.49966599217878382E0
2.11328125000000000E9	-7.70082056267740089E0
2.11718750000000000E9	-7.90996669414873477E0
2.12109375000000000E9	-8.12686728173090778E0
2.12500000000000000E9	-8.35129379663342242E0
2.13281250000000000E9	-8.82185101338823507E0
2.14062500000000000E9	-9.31995953607507488E0
2.14843750000000000E9	-9.84401686445144541E0
2.15625000000000000E9	-1.03924301514450934E1
2.16406250000000000E9	-1.09635207830824433E1
2.17187500000000000E9	-1.15553943714973473E1
2.17968750000000000E9	-1.21657679540072095E1
2.18750000000000000E9	-1.27917445769582994E1
2.19531250000000000E9	-1.34295259232673070E1
2.20312500000000000E9	-1.40740587577279541E1
2.21093750000000000E9	-1.47186250187784151E1
2.21875000000000000E9	-1.53544145021675660E1
2.22656250000000000E9	-1.59701693432213676E1
2.23437500000000000E9	-1.65520605785688479E1
2.24218750000000000E9	-1.70840289653831912E1
2.25000000000000000E9	-1.75488393582176228E1
2.26041666668750008E9	-1.80359818455177146E1
2.27083333337500060E9	-1.83457224201238200E1
2.28125000006250023E9	-1.84688618248331271E1
2.29166666674999986E9	-1.84192976289787613E1
2.30208333343750038E9	-1.82286529675003761E1
2.31250000012500001E9	-1.79360064744870118E1
2.32291666681249964E9	-1.75786333987727228E1
2.33333333350000016E9	-1.71869045012532196E1
2.34375000018750068E9	-1.67830483971381672E1
2.35416666687500031E9	-1.63820900361599375E1
2.36458333356250039E9	-1.59935168242581027E1
2.37500000025000002E9	-1.56228945034553490E1
2.38541666693749965E9	-1.52731550310044728E1
2.39583333362500017E9	-1.49455290136394492E1
2.40625000031250025E9	-1.46401849852029020E1
2.41666666700000032E9	-1.43566525408363410E1
2.42708333362500017E9	-1.40940943687028253E1
2.43750000025000002E9	-1.38514747102457658E1
2.44791666687500031E9	-1.36276560870495156E1
2.45833333350000016E9	-1.34214436399896475E1
2.46875000012500001E9	-1.32315866587286957E1
2.47916666674999986E9	-1.30567386088564286E1
2.48958333337500060E9	-1.28953691176340834E1
2.50000000000000000E9	-1.27456131460345512E1
2.52314814799999976E9	-1.24406673326782213E1
2.54629629599999996E9	-1.21307547988000364E1
2.56944444399999927E9	-1.17143546131053000E1
2.59259259199999992E9	-1.10386548943619189E1
2.59837962906249986E9	-1.08168883466952925E1
2.60416666612500070E9	-1.05757160001214223E1
2.60995370318749931E9	-1.03186012748820999E1
2.61574074024999970E9	-1.00502984804309570E1
2.62152777731250008E9	-9.77638392726838568E0
2.62731481437499959E9	-9.50264856134532465E0
2.63310185143750086E9	-9.23448367514570378E0
2.63888888849999992E9	-8.97638575566741714E0
2.64467592556249986E9	-8.73166069759503394E0
2.65046296262500025E9	-8.50234496044527432E0
2.65624999968749975E9	-8.28930785852533170E0
2.66203703674999970E9	-8.09247050120929501E0
2.66782407381249964E9	-7.91107407427194786E0
2.67361111087500003E9	-7.74394463134303024E0
2.67939814793750042E9	-7.58972244314995859E0
2.68518518499999947E9	-7.44704308634660883E0
2.69097222206249942E9	-7.31467101663266472E0
2.69675925912500025E9	-7.19159396057918254E0
2.70254629618750020E9	-7.07708944210883129E0
2.70833333325000014E9	-6.97077492074436655E0
2.71122685178124989E9	-6.92067313769415993E0
2.71412037031249920E9	-6.87265185145333835E0
2.71701388884374984E9	-6.82677889629484724E0
2.71990740737500003E9	-6.78315245607586093E0
2.72280092590625022E9	-6.74190318380207909E0
2.72569444443750042E9	-6.70319662534418104E0
2.72858796296875017E9	-6.66723598851908861E0
2.73148148149999992E9	-6.63426529530436149E0
2.73437500003124967E9	-6.60457295066936645E0
2.73726851856249942E9	-6.57849575576210466E0
2.74016203709374961E9	-6.55642338523809709E0
2.74305555562499981E9	-6.53880333745918829E0
2.74594907415625000E9	-6.52614635108284169E0
2.74884259268750020E9	-6.51903226101281774E0
2.75173611121874906E9	-6.51811623949622909E0
2.75462962975000014E9	-6.52413533299600168E0
2.75752314828125034E9	-6.53791516110053461E0
2.76041666681249964E9	-6.56037658920891964E0
2.76331018534375028E9	-6.59254212167127296E0
2.76620370387500047E9	-6.63554168705015268E0
2.76909722240625067E9	-6.69061740415195771E0
2.77199074093750042E9	-6.75912683024970562E0
2.77488425946874973E9	-6.84254410741754349E0
2.77777777799999992E9	-6.94245834721849508E0
2.78067129649999956E9	-7.06056853635374537E0
2.78356481500000053E9	-7.19867422632228582E0
2.78645833350000016E9	-7.35866125921333847E0
2.78935185200000024E9	-7.54248184534422172E0
2.79224537050000032E9	-7.75212834704770870E0
2.79513888899999952E9	-7.98960015685844649E0
2.79803240750000004E9	-8.25686298053962453E0
2.80092592600000012E9	-8.55579953210726352E0
2.80273437506249934E9	-8.75950042382006977E0
2.80454282412499989E9	-8.97664307524587457E0
2.80635127318750044E9	-9.20757187332377924E0
2.80815972225000055E9	-9.45258073223038231E0
2.80996817131250065E9	-9.71190171042278827E0
2.81177662037500031E9	-9.98569134310967677E0
2.81358506943750042E9	-1.02740140126107815E1
2.81539351850000008E9	-1.05768214968936225E1
2.81720196756250063E9	-1.08939276332817570E1
2.81901041662500029E9	-1.12249768238794956E1
2.82081886568750040E9	-1.15694049205371874E1
2.82262731474999962E9	-1.19263909137801671E1
2.82443576381249972E9	-1.22947979045628286E1
2.82624421287500027E9	-1.26731022102689517E1
2.82805266193750082E9	-1.30593103762566187E1
2.82986111100000048E9	-1.34508656544714711E1
2.83166956006249970E9	-1.38445485770723775E1
2.83347800912500025E9	-1.42363810080370534E1
2.83528645818750036E9	-1.46215497154139373E1
2.83709490725000046E9	-1.49943736917093040E1
2.83890335631250057E9	-1.53483475726952312E1
2.84071180537500023E9	-1.56762981210831720E1
2.84252025443750034E9	-1.59706864167002527E1
2.84432870350000044E9	-1.62240690671649501E1
2.84613715256249966E9	-1.64296944491327568E1
2.84794560162500066E9	-1.65821601981516631E1
2.84975405068750032E9	-1.66780131204326798E1
2.85156249975000042E9	-1.67161569152364420E1
2.85337094881250053E9	-1.66979643011512313E1
2.85517939787500064E9	-1.66270637470092630E1
2.85698784693750074E9	-1.65088576460830838E1
2.85879629599999907E9	-1.63498908705297796E1
2.86241319418749995E9	-1.59377765421759210E1
2.86603009237500039E9	-1.54440277262084713E1
2.86964699056249906E9	-1.49115325276236810E1
2.87326388875000038E9	-1.43701964296399010E1
2.87688078693750082E9	-1.38387785297011923E1
2.88049768512499993E9	-1.33279498793050810E1
2.88411458331249992E9	-1.28430438620973675E1
2.88773148149999992E9	-1.23860833115686564E1
2.89134837968750080E9	-1.19571385580333045E1
2.89496527787499991E9	-1.15551903835491054E1
2.89858217606249946E9	-1.11786603872478696E1
2.90219907424999990E9	-1.08257286137797926E1
2.90581597243750034E9	-1.04945187269091100E1
2.90943287062500033E9	-1.01832020607793305E1
2.91304976881250077E9	-9.89005260221524907E0
2.91666666700000032E9	-9.61347267414968698E0
2.92187500031250025E9	-9.24139428856533840E0
2.92708333362500017E9	-8.89679682879950384E0
2.93229166693750010E9	-8.57634284476338848E0
2.93750000024999958E9	-8.27717023584198053E0
2.94270833356249950E9	-7.99682864093338974E0
2.94791666687500031E9	-7.73321991682314014E0
2.95312500018750024E9	-7.48454527442720430E0
2.95833333350000016E9	-7.24925960568805294E0
2.96354166681249964E9	-7.02603261914319521E0
2.96875000012499957E9	-6.81371604308569090E0
2.97395833343749993E9	-6.61131606482457101E0
2.97916666674999986E9	-6.41797020747525959E0
2.98437500006249934E9	-6.23292792896661307E0
2.98958333337499971E9	-6.05553432570483352E0
2.99479166668750008E9	-5.88521641880328872E0
3.00000000000000000E9	-5.72147158689106927E0


