freq	dB(S11_discrete)
0.00000000000000000E0	-9.93257290549890648E-14
6.25000000000000000E7	-9.43295806146690907E-3
3.75000000000000000E8	-5.62081228356605855E-2
7.50000000000000000E8	-1.29993954156509295E-1
8.75000000000000000E8	-1.73750469938503072E-1
1.50000000000000000E9	-1.07798918943888244E0
2.00000000000000000E9	-4.21167193321764000E0
2.50000000000000000E9	-1.13587674836987707E1
3.00000000000000000E9	-2.74812048591586411E1
4.00000000000000000E9	-1.26435889069389562E1
4.66666666700000032E9	-1.07266729279161588E1
5.33333333400000065E9	-1.27052567925401227E1
6.00000000000000000E9	-1.48788356138902089E1
6.50000000000000000E9	-1.47019935254580458E1
7.00000000000000000E9	-1.36200739916057589E1
7.66666666700000121E9	-1.61636418993643782E1
8.33333333400000065E9	-2.19507807449030379E1
9.00000000000000000E9	-1.75419015994422134E1
1.00000000000000000E10	-1.27432026938323384E1
1.05000000000000004E10	-1.21545108956378822E1
1.07499999999999996E10	-1.21215293064854435E1
1.13749999999999996E10	-1.33083608044372403E1
1.19999999999999996E10	-1.54865808704691998E1
1.30000000000000004E10	-1.88198573149486625E1
1.35000000000000009E10	-1.41802643079026325E1
1.39999999999999991E10	-1.26698152319452850E1
1.44999999999999996E10	-1.35072073206355103E1
1.50000000000000000E10	-1.48541053501528442E1


freq	dB(S11_fitted)
0.00000000000000000E0	-9.93257290549890648E-14
9.85870850750299965E0	-8.67894719897962830E-14
9.85870850750299965E1	-1.37898827717121164E-13
9.85870850750299965E2	-3.52172390785331846E-12
9.85870850750299965E3	-3.41428818487100827E-10
1.24113786675668747E4	-5.41087034482302531E-10
1.56249999999999711E4	-8.57497341195908547E-10
1.96707095592838277E4	-1.35898233965639825E-9
2.47639561322048563E4	-2.15378682371513541E-9
3.11759736713886948E4	-3.41346272116326066E-9
3.92482254923371254E4	-5.40990987618255481E-9
4.94105884401308515E4	-8.57406019765681826E-9
6.22042453989838595E4	-1.35889072950374290E-8
7.83105052542611890E4	-2.15368952547679537E-8
9.85870850750300676E4	-3.41336079778619084E-8
1.24113786675668836E5	-5.40980342959234406E-8
1.56249999999999800E5	-8.57394470931170005E-8
1.96707095592838366E5	-1.35887580163786481E-7
2.47639561322048696E5	-2.15366646350726176E-7
3.11759736713887126E5	-3.41331567940446723E-7
3.92482254923371476E5	-5.40970278970090401E-7
4.94105884401308870E5	-8.57370669875010272E-7
6.22042453989838950E5	-1.35881731247248783E-6
7.83105052542612334E5	-2.15352106525195941E-6
9.85870850750301386E5	-3.41295215377711258E-6
1.24113786675668925E6	-5.40879121350887715E-6
1.56249999999999911E6	-8.57141866874199465E-6
1.96707095592838543E6	-1.35824284662317174E-5
2.47639561322048873E6	-2.15207868782857048E-5
3.11759736713887303E6	-3.40933111149114731E-5
3.92482254923371698E6	-5.39970325172300214E-5
4.94105884401309137E6	-8.54862083546610130E-5
6.22042453989839306E6	-1.35252820143249264E-4
7.83105052542612867E6	-2.13777128477246903E-4
9.85870850750301742E6	-3.37357870164444495E-4
1.24113786675668991E7	-5.31062928877476192E-4
1.56250000000000000E7	-8.32773565638432700E-4
1.76664053050680603E7	-1.05617894686760994E-3
1.97174170150060357E7	-1.30404472057133769E-3
2.48227573351337982E7	-2.01424918565811106E-3
3.12500000000000000E7	-3.06955686681537632E-3
3.82877775606342130E7	-4.38112197297230743E-3
4.68750000000000000E7	-6.12262494133404722E-3
5.43288216740595864E7	-7.69640572122336231E-3
6.25000000000000000E7	-9.43295806154413796E-3
7.19212881209308375E7	-1.13995927644622475E-2
8.20312500000000000E7	-1.34288482988734170E-2
1.01562500000000000E8	-1.70566072073527897E-2
1.21093750000000000E8	-2.03244893610748933E-2
1.40625000000000000E8	-2.33219634121046360E-2
1.60156250000000000E8	-2.61422445012571281E-2
1.79687500000000000E8	-2.88590539455701034E-2
1.99218750000000000E8	-3.15245383972803950E-2
2.18750000000000000E8	-3.41733440916972864E-2
2.38281250000000000E8	-3.68274549155165687E-2
2.57812500000000000E8	-3.95002531266340107E-2
2.77343750000000000E8	-4.21995760727787772E-2
2.96875000000000000E8	-4.49299137820296757E-2
3.16406250000000000E8	-4.76939519004735679E-2
3.35937500000000000E8	-5.04936367825220689E-2
3.55468750000000000E8	-5.33308974524092960E-2
3.75000000000000000E8	-5.62081228357178642E-2
3.98437500000000000E8	-5.97180506263733779E-2
4.21875000000000000E8	-6.32973813076722536E-2
4.45312500000000000E8	-6.69555582867076104E-2
4.68750000000000000E8	-7.07042805803594909E-2
4.92187500000000000E8	-7.45574915828322915E-2
5.15625000000000000E8	-7.85313286551931888E-2
5.39062500000000000E8	-8.26440667747817415E-2
5.62500000000000000E8	-8.69160786086974824E-2
5.85937500000000000E8	-9.13698253668683336E-2
6.09375000000000000E8	-9.60298868961956487E-2
6.32812500000000000E8	-1.00923035179364851E-1
6.56250000000000000E8	-1.06078352311587487E-1
6.79687500000000000E8	-1.11527391857424685E-1
7.03125000000000000E8	-1.17304381000516678E-1
7.26562500000000000E8	-1.23446459914726203E-1
7.50000000000000000E8	-1.29993954156597424E-1
7.65625000000000000E8	-1.34605663376837992E-1
7.81250000000000000E8	-1.39430858948398617E-1
7.96875000000000000E8	-1.44484246384049486E-1
8.12500000000000000E8	-1.49781374733822825E-1
8.28125000000000000E8	-1.55338683890196894E-1
8.43750000000000000E8	-1.61173552649493468E-1
8.59375000000000000E8	-1.67304347229277051E-1
8.75000000000000000E8	-1.73750469938553231E-1
8.94531250000000000E8	-1.82282871211923969E-1
9.14062500000000000E8	-1.91382581735009416E-1
9.33593750000000000E8	-2.01095025685301731E-1
9.53125000000000000E8	-2.11468675443806697E-1
9.72656250000000000E8	-2.22555184859571886E-1
9.92187500000000000E8	-2.34409514905036120E-1
1.01171875000000000E9	-2.47090050131264460E-1
1.03125000000000000E9	-2.60658704319362133E-1
1.05078125000000000E9	-2.75181013720636480E-1
1.07031250000000000E9	-2.90726216287934136E-1
1.08984375000000000E9	-3.07367315325546731E-1
1.10937500000000000E9	-3.25181126029713763E-1
1.12890625000000000E9	-3.44248303456773730E-1
1.14843750000000000E9	-3.64653350546628774E-1
1.16796875000000000E9	-3.86484604945469457E-1
1.18750000000000000E9	-4.09834203516367523E-1
1.20703125000000000E9	-4.34798023600313588E-1
1.22656250000000000E9	-4.61475600294101529E-1
1.24609375000000000E9	-4.89970019244102239E-1
1.26562500000000000E9	-5.20387784716149415E-1
1.28515625000000000E9	-5.52838662987195217E-1
1.30468750000000000E9	-5.87435501412528360E-1
1.32421875000000000E9	-6.24294023846898494E-1
1.34375000000000000E9	-6.63532603434545809E-1
1.36328125000000000E9	-7.05272014122957369E-1
1.38281250000000000E9	-7.49635162593973448E-1
1.40234375000000000E9	-7.96746802631645146E-1
1.42187500000000000E9	-8.46733234252953793E-1
1.44140625000000000E9	-8.99721990206334610E-1
1.46093750000000000E9	-9.55841512683378625E-1
1.48046875000000000E9	-1.01522082328614416E0
1.50000000000000000E9	-1.07798918943875144E0
1.51562500000000000E9	-1.13073082233283140E0
1.53125000000000000E9	-1.18579009550513881E0
1.54687500000000000E9	-1.24323269241804146E0
1.56250000000000000E9	-1.30312391378045955E0
1.57812500000000000E9	-1.36552857617727508E0
1.59375000000000000E9	-1.43051091429660748E0
1.60937500000000000E9	-1.49813448733964494E0
1.62500000000000000E9	-1.56846209015786742E0
1.64062500000000000E9	-1.64155566961786881E0
1.65625000000000000E9	-1.71747624664798737E0
1.67187500000000000E9	-1.79628384437283772E0
1.68750000000000000E9	-1.87803742269507046E0
1.70312500000000000E9	-1.96279481963918556E0
1.71875000000000000E9	-2.05061269972962323E0
1.73437500000000000E9	-2.14154650964024684E0
1.75000000000000000E9	-2.23565044132067614E0
1.76562500000000000E9	-2.33297740278244170E0
1.78125000000000000E9	-2.43357899671236355E0
1.79687500000000000E9	-2.53750550707452005E0
1.81250000000000000E9	-2.64480589386428910E0
1.82812500000000000E9	-2.75552779618946309E0
1.84375000000000000E9	-2.86971754387455125E0
1.85937500000000000E9	-2.98742017781247915E0
1.87500000000000000E9	-3.10867947932450850E0
1.89062500000000000E9	-3.23353800883283160E0
1.90625000000000000E9	-3.36203715419831273E0
1.92187500000000000E9	-3.49421718912972024E0
1.93750000000000000E9	-3.63011734212704607E0
1.95312500000000000E9	-3.76977587647860446E0
1.96875000000000000E9	-3.91323018189226612E0
1.98437500000000000E9	-4.06051687839814868E0
2.00000000000000000E9	-4.21167193321758671E0
2.01562500000000000E9	-4.36673079134890418E0
2.03125000000000000E9	-4.52572852067301135E0
2.04687500000000000E9	-4.68869997243295078E0
2.06250000000000000E9	-4.85567995799076702E0
2.07812500000000000E9	-5.02670344281275128E0
2.09375000000000000E9	-5.20180575868264405E0
2.10937500000000000E9	-5.38102283519337643E0
2.12500000000000000E9	-5.56439145162031057E0
2.14062500000000000E9	-5.75194951034244184E0
2.15625000000000000E9	-5.94373633304543514E0
2.17187500000000000E9	-6.13979298102467741E0
2.18750000000000000E9	-6.34016260100586759E0
2.20312500000000000E9	-6.54489079801864992E0
2.21875000000000000E9	-6.75402603700463811E0
2.23437500000000000E9	-6.96762007501312031E0
2.25000000000000000E9	-7.18572842604704398E0
2.26562500000000000E9	-7.40841086086938994E0
2.28125000000000000E9	-7.63573194437276026E0
2.29687500000000000E9	-7.86776161346356595E0
2.31250000000000000E9	-8.10457579881380497E0
2.32812500000000000E9	-8.34625709430818752E0
2.34375000000000000E9	-8.59289547855849811E0
2.35937500000000000E9	-8.84458909348872524E0
2.37500000000000000E9	-9.10144508571723065E0
2.39062500000000000E9	-9.36358051728999641E0
2.40625000000000000E9	-9.63112335326499824E0
2.42187500000000000E9	-9.90421353471699817E0
2.43750000000000000E9	-1.01830041469481114E1
2.45312500000000000E9	-1.04676626940554596E1
2.46875000000000000E9	-1.07583724925419189E1
2.48437500000000000E9	-1.10553341983640441E1
2.50000000000000000E9	-1.13587674836989772E1
2.53125000000000000E9	-1.19860338203627759E1
2.56250000000000000E9	-1.26423842094963157E1
2.59375000000000000E9	-1.33304754157419181E1
2.62500000000000000E9	-1.40535013154595045E1
2.65625000000000000E9	-1.48153066926216104E1
2.68750000000000000E9	-1.56205252254135751E1
2.71875000000000000E9	-1.64747429348648100E1
2.75000000000000000E9	-1.73846813709387615E1
2.78125000000000000E9	-1.83583759109424638E1
2.81250000000000000E9	-1.94052764149919277E1
2.84375000000000000E9	-2.05360771593451608E1
2.87500000000000000E9	-2.17617829602617174E1
2.90625000000000000E9	-2.30907736753019233E1
2.93750000000000000E9	-2.45208414386817486E1
2.96875000000000000E9	-2.60194313310841974E1
3.00000000000000000E9	-2.74812048591606128E1
3.03125000000000000E9	-2.86680556381960194E1
3.06250000000000000E9	-2.92308037117848407E1
3.09375000000000000E9	-2.89715772265676641E1
3.12500000000000000E9	-2.80741156839353057E1
3.15625000000000000E9	-2.68880380161150168E1
3.18750000000000000E9	-2.56575896342121323E1
3.21875000000000000E9	-2.44922675171408732E1
3.25000000000000000E9	-2.34264063018533664E1
3.28125000000000000E9	-2.24627443113373726E1
3.31250000000000000E9	-2.15929008342860262E1
3.34375000000000000E9	-2.08056619417576005E1
3.37500000000000000E9	-2.00900472487659920E1
3.40625000000000000E9	-1.94362949107099636E1
3.43750000000000000E9	-1.88360508280084349E1
3.46875000000000000E9	-1.82822747060228474E1
3.50000000000000000E9	-1.77690639150956420E1
3.56250000000000000E9	-1.68453412714739281E1
3.62500000000000000E9	-1.60340164594309931E1
3.68750000000000000E9	-1.53130863436434272E1
3.75000000000000000E9	-1.46667277304347698E1
3.78125000000000000E9	-1.43678128402844663E1
3.81250000000000000E9	-1.40835432929974491E1
3.84375000000000000E9	-1.38129963802936451E1
3.87500000000000000E9	-1.35554027590996862E1
3.90625000000000000E9	-1.33101281525978665E1
3.93750000000000000E9	-1.30766577784085336E1
3.96875000000000000E9	-1.28545828871677936E1
4.00000000000000000E9	-1.26435889069390850E1
4.04166666668750008E9	-1.23791120049788583E1
4.08333333337499926E9	-1.21335840481463242E1
4.12500000006249934E9	-1.19068511938857235E1
4.16666666675000030E9	-1.16989167120179172E1
4.20833333343750038E9	-1.15099042414696884E1
4.25000000012500045E9	-1.13400208492273125E1
4.29166666681249964E9	-1.11895196971298616E1
4.33333333349999972E9	-1.10586625866463306E1
4.37500000018749979E9	-1.09476830877433184E1
4.41666666687500076E9	-1.08567513298408591E1
4.45833333356249906E9	-1.07859417972320459E1
4.50000000025000002E9	-1.07352055862769902E1
4.54166666693750010E9	-1.07043485178677766E1
4.58333333362499928E9	-1.06930162495123171E1
4.62500000031249936E9	-1.07006871191327280E1
4.66666666700000032E9	-1.07266729279163120E1
4.70833333368750040E9	-1.07701273035174316E1
4.75000000037500136E9	-1.08300607560735429E1
4.79166666706249966E9	-1.09053611180513577E1
4.83333333375000063E9	-1.09948177935065861E1
4.87500000043749981E9	-1.10971481523704174E1
4.91666666712500078E9	-1.12110244808061532E1
4.95833333381249997E9	-1.13351001059440515E1
5.00000000050000004E9	-1.14680336051973719E1
5.04166666718750012E9	-1.16085103366103648E1
5.08333333387499930E9	-1.17552608425976368E1
5.12500000056249849E9	-1.19070759512418212E1
5.16666666725000034E9	-1.20628186060203313E1
5.20833333393750131E9	-1.22214325872403440E1
5.25000000062500050E9	-1.23819483466702507E1
5.29166666731249968E9	-1.25434861672537923E1
5.33333333400000065E9	-1.27052567925401250E1
5.37500000062500050E9	-1.28665595577703917E1
5.41666666725000034E9	-1.30267779128975492E1
5.45833333387500019E9	-1.31853720681768816E1
5.50000000049999915E9	-1.33418683522472281E1
5.54166666712499900E9	-1.34958447656946223E1
5.58333333375000063E9	-1.36469121968318707E1
5.62500000037500048E9	-1.37946908897819420E1
5.66666666700000032E9	-1.39387820849464705E1
5.70833333362499928E9	-1.40787353519948666E1
5.75000000024999913E9	-1.42140130461555247E1
5.79166666687499987E9	-1.43439545230757703E1
5.83333333349999972E9	-1.44677441291017250E1
5.87500000012499868E9	-1.45843882879807274E1
5.91666666674999941E9	-1.46927078315055870E1
5.95833333337500015E9	-1.47913515788483840E1
6.00000000000000000E9	-1.48788356138900624E1
6.06250000000000000E9	-1.49857493907129702E1
6.12500000000000000E9	-1.50590499715282644E1
6.18750000000000000E9	-1.50946494170123713E1
6.25000000000000000E9	-1.50901536006851456E1
6.31250000000000000E9	-1.50453810091577789E1
6.37500000000000000E9	-1.49625253844291417E1
6.43750000000000000E9	-1.48459860553702905E1
6.50000000000000000E9	-1.47019935254579259E1
6.56250000000000000E9	-1.45381813343647215E1
6.62500000000000000E9	-1.43632085331226023E1
6.68750000000000000E9	-1.41864625073224837E1
6.75000000000000000E9	-1.40178080517068082E1
6.78125000000000000E9	-1.39396629674831218E1
6.81250000000000000E9	-1.38673147118285467E1
6.84375000000000000E9	-1.38019945402429056E1
6.87500000000000000E9	-1.37448941379824396E1
6.90625000000000000E9	-1.36971472011762585E1
6.93750000000000000E9	-1.36598095900897754E1
6.96875000000000000E9	-1.36338388340628991E1
7.00000000000000000E9	-1.36200739916058366E1
7.04166666668750008E9	-1.36218993194243887E1
7.08333333337500015E9	-1.36478893417921476E1
7.12500000006250112E9	-1.36987498437136690E1
7.16666666674999853E9	-1.37746379485735915E1
7.20833333343749949E9	-1.38751736451601282E1
7.25000000012499868E9	-1.39994814271133650E1
7.29166666681249875E9	-1.41462574113831407E1
7.33333333350000061E9	-1.43138544619141062E1
7.37500000018749979E9	-1.45003764649902123E1
7.41666666687499987E9	-1.47037730613130835E1
7.45833333356250172E9	-1.49219275414025598E1
7.50000000025000002E9	-1.51527327430915881E1
7.54166666693750010E9	-1.53941521106677714E1
7.58333333362499928E9	-1.56442651557048595E1
7.62500000031249936E9	-1.59012981495218941E1
7.66666666700000121E9	-1.61636418993643893E1
7.70833333368749862E9	-1.62856934955913291E1
7.75000000037500048E9	-1.65246924937047668E1
7.79166666706250055E9	-1.68730338246482359E1
7.83333333375000063E9	-1.73134444882109761E1
7.87500000043750070E9	-1.78221471223273231E1
7.91666666712499811E9	-1.83726430802114260E1
7.95833333381249997E9	-1.89388375950658516E1
8.00000000049999827E9	-1.94969821451248460E1
8.04166666718750101E9	-2.00265758064083377E1
8.08333333387500019E9	-2.05106419062714318E1
8.12500000056249760E9	-2.09357551316976176E1
8.16666666724999857E9	-2.12920241863829363E1
8.20833333393749953E9	-2.15730694334909101E1
8.25000000062499872E9	-2.17759341353711378E1
8.29166666731249968E9	-2.19008453801139602E1
8.33333333400000065E9	-2.19507807449030556E1
8.41666666724999857E9	-2.18476732492573777E1
8.50000000050000004E9	-2.15210414755132895E1
8.58333333375000151E9	-2.10294242139502385E1
8.66666666699999944E9	-2.04239164586961763E1
8.75000000025000091E9	-1.97447557214587133E1
8.83333333350000238E9	-1.90226496190335004E1
8.91666666675000030E9	-1.82816582696443986E1
9.00000000000000000E9	-1.75419015994422156E1
9.06250000000000000E9	-1.69987962755473587E1
9.12500000000000000E9	-1.64737072381556571E1
9.18750000000000000E9	-1.59733983100119237E1
9.25000000000000000E9	-1.55040663597394524E1
9.31250000000000000E9	-1.50710357436719611E1
9.37500000000000000E9	-1.46783920338682661E1
9.43750000000000000E9	-1.43286393341909490E1
9.50000000000000000E9	-1.40224694080583023E1
9.53125000000000000E9	-1.38854317494297907E1
9.56250000000000000E9	-1.37587105022746181E1
9.59375000000000000E9	-1.36418934727202878E1
9.62500000000000000E9	-1.35344816918806821E1
9.65625000000000000E9	-1.34359033160413932E1
9.68750000000000000E9	-1.33455287746387041E1
9.71875000000000000E9	-1.32626865111924830E1
9.75000000000000000E9	-1.31866787074511893E1
9.78125000000000000E9	-1.31167964643527624E1
9.81250000000000000E9	-1.30523340210607675E1
9.84375000000000000E9	-1.29926017111995096E1
9.87500000000000000E9	-1.29369374710350282E1
9.90625000000000000E9	-1.28847168180841720E1
9.93750000000000000E9	-1.28353613040850223E1
9.96875000000000000E9	-1.27883455101707333E1
1.00000000000000000E10	-1.27432026938323717E1
1.00312500000000004E10	-1.26995292181717123E1
1.00625000000000009E10	-1.26569878966372218E1
1.00937499999999991E10	-1.26153103741852290E1
1.01249999999999996E10	-1.25742986421343916E1
1.01562500000000000E10	-1.25338257523790642E1
1.01875000000000004E10	-1.24938357604492234E1
1.02187500000000009E10	-1.24543428893623576E1
1.02499999999999991E10	-1.24154298704428556E1
1.02812499999999996E10	-1.23772453864351117E1
1.03125000000000000E10	-1.23400005195265949E1
1.03437500000000004E10	-1.23039640955979479E1
1.03750000000000009E10	-1.22694568193216225E1
1.04062499999999991E10	-1.22368441154783492E1
1.04374999999999996E10	-1.22065276321146787E1
1.04687500000000000E10	-1.21789354216582257E1
1.05000000000000004E10	-1.21545108956378933E1
1.05312500000000009E10	-1.21337007435283462E1
1.05624999999999991E10	-1.21169421099220620E1
1.05937499999999996E10	-1.21046494274066996E1
1.06250000000000000E10	-1.20972013936561296E1
1.06562500000000004E10	-1.20949286477719387E1
1.06875000000000009E10	-1.20981027309837086E1
1.07187499999999991E10	-1.21069269013274261E1
1.07499999999999996E10	-1.21215293064854412E1
1.07890624999999996E10	-1.21479748821329903E1
1.08281249999999996E10	-1.21834392415159498E1
1.08671874999999996E10	-1.22276538232225129E1
1.09062499999999996E10	-1.22801796638421057E1
1.09453124999999996E10	-1.23404343619118206E1
1.09843749999999996E10	-1.24077257339288538E1
1.10234374999999996E10	-1.24812893603105568E1
1.10624999999999996E10	-1.25603272048936132E1
1.11015624999999996E10	-1.26440447959524715E1
1.11406249999999996E10	-1.27316849845718982E1
1.11796874999999996E10	-1.28225569340132739E1
1.12187499999999996E10	-1.29160596357567559E1
1.12578124999999996E10	-1.30116998138457496E1
1.12968749999999996E10	-1.31091045211710000E1
1.13359374999999996E10	-1.32080290323464244E1
1.13749999999999996E10	-1.33083608044371937E1
1.14140624999999996E10	-1.34101203302079930E1
1.14531249999999996E10	-1.35134596762781545E1
1.14921874999999996E10	-1.36186594081694134E1
1.15312499999999996E10	-1.37261244795034298E1
1.15703124999999996E10	-1.38363795217967556E1
1.16093749999999996E10	-1.39500638268291288E1
1.16484374999999996E10	-1.40679261725839355E1
1.16874999999999996E10	-1.41908195090936462E1
1.17265624999999996E10	-1.43196953915673708E1
1.17656249999999996E10	-1.44555979216095953E1
1.18046874999999996E10	-1.45996568274698069E1
1.18437499999999996E10	-1.47530791729527921E1
1.18828124999999996E10	-1.49171390207240906E1
1.19218749999999996E10	-1.50931641740086686E1
1.19609374999999996E10	-1.52825188600789241E1
1.19999999999999996E10	-1.54865808704691865E1
1.20625000000000004E10	-1.58470484165616443E1
1.21249999999999991E10	-1.62538142619603976E1
1.21875000000000000E10	-1.67110249781524156E1
1.22500000000000009E10	-1.72207745990823047E1
1.23124999999999996E10	-1.77814892416660308E1
1.23750000000000004E10	-1.83854182486804096E1
1.24374999999999991E10	-1.90149625769520902E1
1.25000000000000000E10	-1.96380015773947258E1
1.25625000000000009E10	-2.02038177947597664E1
1.26249999999999996E10	-2.06440844699453674E1
1.26875000000000004E10	-2.08856392245748035E1
1.27499999999999991E10	-2.08765845918857673E1
1.28125000000000000E10	-2.06115292029552410E1
1.28750000000000009E10	-2.01340078252185828E1
1.29374999999999996E10	-1.95138090360528405E1
1.30000000000000004E10	-1.88198573149486781E1
1.30624999999999991E10	-1.81053281146120382E1
1.31250000000000000E10	-1.74053674369487998E1
1.31875000000000009E10	-1.67407875209422907E1
1.32499999999999996E10	-1.61227651040784670E1
1.33125000000000004E10	-1.55565930794221607E1
1.33749999999999991E10	-1.50441999686777805E1
1.34375000000000000E10	-1.45856957877357885E1
1.35000000000000009E10	-1.41802643079026502E1
1.35312499999999991E10	-1.39970674597261890E1
1.35624999999999996E10	-1.38266485905546710E1
1.35937500000000000E10	-1.36688214257730989E1
1.36250000000000004E10	-1.35233944848815280E1
1.36562500000000009E10	-1.33901722645196575E1
1.36874999999999991E10	-1.32689556427041100E1
1.37187499999999996E10	-1.31595417530634839E1
1.37500000000000000E10	-1.30617235190241598E1
1.37812500000000004E10	-1.29752889904428970E1
1.38125000000000009E10	-1.29000205864465123E1
1.38437499999999991E10	-1.28356943162641235E1
1.38749999999999996E10	-1.27820790232088766E1
1.39062500000000000E10	-1.27389356746967031E1
1.39375000000000004E10	-1.27060167026132298E1
1.39687500000000009E10	-1.26830653830274231E1
1.39999999999999991E10	-1.26698152319452917E1
1.40312499999999996E10	-1.26659893843643179E1
1.40625000000000000E10	-1.26712999172826568E1
1.40937500000000004E10	-1.26854470735606939E1
1.41250000000000009E10	-1.27081183427068822E1
1.41562499999999991E10	-1.27389873569065148E1
1.41874999999999996E10	-1.27777125661308921E1
1.42187500000000000E10	-1.28239356652173919E1
1.42500000000000004E10	-1.28772797587161492E1
1.42812500000000009E10	-1.29373472664113298E1
1.43124999999999991E10	-1.30037175940953720E1
1.43437499999999996E10	-1.30759446206811969E1
1.43750000000000000E10	-1.31535540841775300E1
1.44062500000000004E10	-1.32360409851942595E1
1.44375000000000009E10	-1.33228671667311493E1
1.44687499999999991E10	-1.34134592715216772E1
1.44999999999999996E10	-1.35072073206355125E1
1.45312500000000000E10	-1.36034641956358060E1
1.45625000000000004E10	-1.37015463362121626E1
1.45937500000000009E10	-1.38007359793874551E1
1.46249999999999991E10	-1.39002852576055780E1
1.46562499999999996E10	-1.39994224333837569E1
1.46875000000000000E10	-1.40973604707060041E1
1.47187500000000004E10	-1.41933080233429543E1
1.47500000000000009E10	-1.42864827575953046E1
1.47812499999999991E10	-1.43761267277109162E1
1.48124999999999996E10	-1.44615233003357657E1
1.48437500000000000E10	-1.45420149018096367E1
1.48750000000000004E10	-1.46170206674935077E1
1.49062500000000009E10	-1.46860529372680171E1
1.49374999999999991E10	-1.47487314951993209E1
1.49687499999999996E10	-1.48047945147697413E1
1.50000000000000000E10	-1.48541053501527998E1


