freq	dB(S11_discrete)
0.00000000000000000E0	-8.90992025935016763E-8
1.00000000000000000E3	-8.90992025935016763E-8
3.12500979166666681E8	-2.38009199975746499E-1
6.25000958333333401E8	-7.83627784515382686E-1
1.25000091666666657E9	-2.61150617804847451E0
1.87500087500000001E9	-5.78101555607732287E0
2.50000083333333345E9	-1.00441456839817311E1
3.75000075000000033E9	-1.50527323556185921E1
4.37500070833333510E9	-1.11982255816491771E1
5.00000066666666676E9	-1.12423877057919652E1
5.62500062500000020E9	-1.52129295624952077E1
6.25000058333333364E9	-1.45042786920281230E1
6.87500054166666530E9	-1.10513618008467440E1
7.50000050000000051E9	-1.05130791805115553E1
8.75000041666666917E9	-1.52410392218115964E1
9.37500037499999905E9	-1.37817758039346883E1
9.68750035416666933E9	-1.63691464886342786E1
1.00000003333333343E10	-2.41755556843073949E1
1.03125003125000014E10	-1.59561034827255166E1
1.06250002916666686E10	-1.03308921536686493E1
1.12500002499999985E10	-7.44197056619547492E0
1.18750002083333372E10	-9.98722002089965777E0
1.21875001875000000E10	-1.32535878155202869E1
1.25000001666666694E10	-1.45290783903531318E1
1.37500000833333336E10	-3.10028646238356043E1
1.37890625807291700E10	-4.48118992310230535E1
1.38281250781250020E10	-3.51898758536572975E1
1.39062500729166683E10	-2.37911842693385056E1
1.40625000625000007E10	-1.59479880730297463E1
1.43750000416666657E10	-9.86525950499898663E0
1.46875000208333351E10	-7.55419277542391132E0
1.50000000000000000E10	-6.83923067977926014E0


freq	dB(S11_fitted)
0.00000000000000000E0	-8.90992025935016763E-8
1.00000000000000000E3	-8.90992006648466983E-8
1.24566349440529311E3	-8.90856836866093893E-8
1.55150166284117619E3	-8.90647307792012732E-8
1.95322486979166321E3	-8.90302194274744352E-8
2.45896442352907840E3	-8.89755507385078737E-8
3.09565279947855165E3	-8.88888972358036256E-8
3.89719597535530315E3	-8.87515712171973981E-8
4.90627904811674576E3	-8.85338945402783217E-8
6.17663937102746985E3	-8.81889169932115458E-8
7.77592826367482370E3	-8.76421722439658701E-8
9.78931369142873109E3	-8.67756285381482151E-8
1.23240157701641939E4	-8.54022564905302417E-8
1.55150166284117685E4	-8.32256247282708905E-8
1.95322486979166388E4	-7.97758454030183017E-8
2.45896442352907885E4	-7.43083853811487849E-8
3.09565279947855299E4	-6.56430197003977778E-8
3.89719597535530360E4	-5.19093725562916219E-8
4.90627904811674753E4	-3.01430608281396895E-8
6.17663937102747163E4	4.35406387296744057E-9
7.77592826367482637E4	5.90279517335584103E-8
9.78931369142873464E4	1.45679269292095959E-7
1.23240157701641984E5	2.83009992880473282E-7
1.55150166284117774E5	5.00658543756648555E-7
1.95322486979166499E5	8.45593232871284606E-7
2.45896442352908018E5	1.39224022557750771E-6
3.09565279947855476E5	2.25852270876810968E-6
3.89719597535530671E5	3.63125028597816613E-6
4.90627904811675020E5	5.80628020268193179E-6
6.17663937102747518E5	9.25197207855988424E-6
7.77592826367482992E5	1.47092648313385088E-5
9.78931369142873997E5	2.33490541534730678E-5
1.23240157701642050E6	3.70185329926737738E-5
1.55150166284117819E6	5.86239121328604984E-5
1.95322486979166632E6	9.27178384786645182E-5
2.45896442352908196E6	1.46383046340767708E-4
3.09565279947855654E6	2.30516924217891939E-4
3.89719597535530937E6	3.61587802169400563E-4
4.90627904811675375E6	5.63760103217173025E-4
6.17663937102747873E6	8.70771306522011557E-4
7.77592826367483347E6	1.32573702001278937E-3
9.78931369142874530E6	1.97478835024182287E-3
1.23240157701642117E7	2.84747525710526261E-3
1.55150166284117907E7	3.91619974159773943E-3
1.95322486979166676E7	5.03555695143916360E-3
2.20838852154573484E7	5.55027923198034578E-3
2.46474005829839449E7	5.89027956873523095E-3
3.10292389285888648E7	5.94852040892115941E-3
3.90634973958333376E7	4.57478587718452445E-3
4.78607453869679045E7	1.61954987949295148E-3
5.85947460937499986E7	-3.43539012227183083E-3
6.79120491919959601E7	-8.70180861777723536E-3
7.81259947916666686E7	-1.51030295007953486E-2
9.76572434895833474E7	-2.84954732819409973E-2
1.17188492187499982E8	-4.28527130024390068E-2
1.36719740885416696E8	-5.79602488675986116E-2
1.56250989583333344E8	-7.38323007722095959E-2
1.75782238281249970E8	-9.05599660155200148E-2
1.95313486979166706E8	-1.08245069744023614E-1
2.14844735677083332E8	-1.26975334836659792E-1
2.34375984375000002E8	-1.46817768745227561E-1
2.53907233072916672E8	-1.67819260850162300E-1
2.73438481770833386E8	-1.90009535875624613E-1
2.92969730468750011E8	-2.13404489554343524E-1
3.12500979166666681E8	-2.38009199975759378E-1
3.32032227864583396E8	-2.63820432033688812E-1
3.51563476562499977E8	-2.90828650208622586E-1
3.71094725260416691E8	-3.19019616199565625E-1
3.90625973958333361E8	-3.48375655748329782E-1
4.10157222656250031E8	-3.78876668499593672E-1
4.29688471354166701E8	-4.10500940040404672E-1
4.49219720052083282E8	-4.43225801530345720E-1
4.68750968749999952E8	-4.77028171067421169E-1
4.88282217447916711E8	-5.11885002219592788E-1
5.07813466145833381E8	-5.47773658614933012E-1
5.27344714843750140E8	-5.84672228659050663E-1
5.46875963541666721E8	-6.22559790921261680E-1
5.66407212239583391E8	-6.61416638161160186E-1
5.85938460937499972E8	-7.01224466098763877E-1
6.05469709635416731E8	-7.41966531670061968E-1
6.25000958333333401E8	-7.83627784515373271E-1
6.44532207031249982E8	-8.26194974717764907E-1
6.64063455729166652E8	-8.69656739268098633E-1
6.83594704427083322E8	-9.14003669328766932E-1
7.03125953125000080E8	-9.59228360061380769E-1
7.22657201822916750E8	-1.00532544454598027E0
7.42188450520833420E8	-1.05229161313248154E0
7.61719699218750002E8	-1.10012561941218912E0
7.81250947916666671E8	-1.14882827387135444E0
8.00782196614583341E8	-1.19840242618002568E0
8.20313445312499923E8	-1.24885293697439437E0
8.39844694010416859E8	-1.30018663990622496E0
8.59375942708333262E8	-1.35241229465514645E0
8.78907191406250021E8	-1.40554053152869329E0
8.98438440104166958E8	-1.45958378820938406E0
9.17969688802083184E8	-1.51455623914710258E0
9.37500937499999942E8	-1.57047371803903912E0
9.57032186197916701E8	-1.62735363378834674E0
9.76563434895833460E8	-1.68521488028553268E0
9.96094683593749863E8	-1.74407774031585650E0
1.01562593229166653E9	-1.80396378385896483E0
1.03515718098958365E9	-1.86489576101673959E0
1.05468842968750010E9	-1.92689748977983211E0
1.07421967838541677E9	-1.98999373882403052E0
1.09375092708333366E9	-2.05421010551461158E0
1.11328217578125011E9	-2.11957288928935617E0
1.13281342447916655E9	-2.18610896059036497E0
1.15234467317708367E9	-2.25384562551980094E0
1.17187592187500011E9	-2.32281048640676069E0
1.19140717057291678E9	-2.39303129849004437E0
1.21093841927083345E9	-2.46453582294570550E0
1.23046966796874990E9	-2.53735167651807814E0
1.25000091666666657E9	-2.61150617804849006E0
1.26953216536458369E9	-2.68702619223692718E0
1.28906341406249991E9	-2.76393797101791439E0
1.30859466276041680E9	-2.84226699298233365E0
1.32812591145833325E9	-2.92203780133208824E0
1.34765716015624970E9	-3.00327384091264982E0
1.36718840885416681E9	-3.08599729493027652E0
1.38671965755208326E9	-3.17022892202465867E0
1.40625090625000015E9	-3.25598789443315617E0
1.42578215494791705E9	-3.34329163805012319E0
1.44531340364583372E9	-3.43215567525068366E0
1.46484465234375039E9	-3.52259347141565593E0
1.48437590104166661E9	-3.61461628615812014E0
1.50390714973958350E9	-3.70823303031479856E0
1.52343839843749995E9	-3.80345012982445230E0
1.54296964713541684E9	-3.90027139766935926E0
1.56250089583333351E9	-3.99869791510602202E0
1.58203214453124974E9	-4.09872792345312220E0
1.60156339322916663E9	-4.20035672774076474E0
1.62109464192708330E9	-4.30357661355130272E0
1.64062589062499953E9	-4.40837677839968389E0
1.66015713932291642E9	-4.51474327900681693E0
1.67968838802083331E9	-4.62265899581480610E0
1.69921963671875043E9	-4.73210361607306318E0
1.71875088541666687E9	-4.84305363679166412E0
1.73828213411458354E9	-4.95548238880882508E0
1.75781338281249977E9	-5.06936008315369779E0
1.77734463151041666E9	-5.18465388080103029E0
1.79687588020833355E9	-5.30132798681037620E0
1.81640712890624978E9	-5.41934376971823539E0
1.83593837760416667E9	-5.53865990690394217E0
1.85546962630208379E9	-5.65923255648172407E0
1.87500087500000001E9	-5.78101555607730599E0
1.89453212369791646E9	-5.90396064863089265E0
1.91406337239583335E9	-6.02801773512585992E0
1.93359462109375002E9	-6.15313515387827081E0
1.95312586979166669E9	-6.27925998573227151E0
1.97265711848958358E9	-6.40633838419749768E0
1.99218836718750003E9	-6.53431592923405447E0
2.01171961588541670E9	-6.66313800304486570E0
2.03125086458333382E9	-6.79275018587647939E0
2.05078211328125048E9	-6.92309866946169361E0
2.07031336197916671E9	-7.05413068536827748E0
2.08984461067708338E9	-7.18579494515214812E0
2.10937585937500049E9	-7.31804208885632335E0
2.12890710807291672E9	-7.45082513806044489E0
2.14843835677083295E9	-7.58409994937217569E0
2.16796960546874962E9	-7.71782566397321190E0
2.18750085416666717E9	-7.85196514859370165E0
2.20703210286458340E9	-7.98648542309959630E0
2.22656335156250007E9	-8.12135806973939189E0
2.24609460026041674E9	-8.25655961902125490E0
2.26562584895833341E9	-8.39207190717331919E0
2.28515709765625008E9	-8.52788240019130050E0
2.30468834635416675E9	-8.66398447958311380E0
2.32421959505208342E9	-8.80037768509365037E0
2.34375084375000009E9	-8.93706790991112499E0
2.38281334114583387E9	-9.21139556249916325E0
2.42187583854166721E9	-9.48714568247590329E0
2.46093833593749967E9	-9.76460125550141633E0
2.50000083333333345E9	-1.00441456839817111E1
2.53906333072916679E9	-1.03262539413545618E1
2.57812582812500013E9	-1.06114788993988474E1
2.61718832552083347E9	-1.09004325049224016E1
2.65625082291666681E9	-1.11937613937344316E1
2.69531332031249971E9	-1.14921163577234053E1
2.73437581770833393E9	-1.17961148179365716E1
2.77343831510416683E9	-1.21062951057793100E1
2.81250081250000017E9	-1.24230609352016286E1
2.85156330989583351E9	-1.27466140078684642E1
2.89062580729166729E9	-1.30768723244409624E1
2.92968830468750019E9	-1.34133716496840583E1
2.96875080208333308E9	-1.37551479920381770E1
3.00781329947916642E9	-1.41006003850952011E1
3.04687579687500065E9	-1.44473364060646503E1
3.08593829427083310E9	-1.47920086655474936E1
3.12500079166666733E9	-1.51301599295382228E1
3.16406328906249978E9	-1.54561080685013486E1
3.20312578645833401E9	-1.57629185286212126E1
3.24218828385416691E9	-1.60425269965338368E1
3.28125078124999936E9	-1.62860789321688837E1
3.32031327864583403E9	-1.64845319009195146E1
3.35937577604166737E9	-1.66295091609562284E1
3.39843827343750027E9	-1.67143013727236811E1
3.43750077083333361E9	-1.67348176183258279E1
3.47656326822916650E9	-1.66902410972102477E1
3.51562576562499896E9	-1.65831952638297020E1
3.55468826302083363E9	-1.64193686888549695E1
3.59375076041666697E9	-1.62067157383130445E1
3.63281325781250075E9	-1.59544603662025808E1
3.67187575520833320E9	-1.56721387341913898E1
3.71093825260416699E9	-1.53688434143252461E1
3.75000075000000033E9	-1.50527323556186277E1
3.78906324739583322E9	-1.47307860841606986E1
3.82812574479166745E9	-1.44087548026495504E1
3.86718824218749990E9	-1.40912280629885944E1
3.90625073958333369E9	-1.37817695989714029E1
3.94531323697916658E9	-1.34830763441395263E1
3.98437573437499992E9	-1.31971362931595193E1
4.02343823177083326E9	-1.29253717867539586E1
4.06250072916666660E9	-1.26687627036399464E1
4.10156322656250083E9	-1.24279487067540129E1
4.14062572395833417E9	-1.22033121116802978E1
4.17968822135416662E9	-1.19950439691676269E1
4.21875071874999996E9	-1.18031961861163159E1
4.25781321614583330E9	-1.16277223396933338E1
4.29687571354166753E9	-1.14685094981043201E1
4.33593821093750087E9	-1.13254029756073304E1
4.37500070833333510E9	-1.11982255816491416E1
4.41406320572916844E9	-1.10867926012341500E1
4.45312570312500089E9	-1.09909234730165406E1
4.49218820052083334E9	-1.09104509107774117E1
4.53125069791666668E9	-1.08452280364634213E1
4.57031319531249913E9	-1.07951339511888778E1
4.60937569270833425E9	-1.07600780570823140E1
4.64843819010416759E9	-1.07400033508876414E1
4.68750068750000004E9	-1.07348888339787951E1
4.72656318489583338E9	-1.07447511178829980E1
4.76562568229166672E9	-1.07696452451151559E1
4.80468817968750095E9	-1.08096646880854341E1
4.84375067708333340E9	-1.08649404302031494E1
4.88281317447916674E9	-1.09356389691323308E1
4.92187567187500008E9	-1.10219590082166796E1
4.96093816927083431E9	-1.11241265135841338E1
5.00000066666666676E9	-1.12423877057919674E1
5.03906316406249921E9	-1.13769994195779045E1
5.07812566145833433E9	-1.15282160959078372E1
5.11718815885416767E9	-1.16962724590136502E1
5.15625065625000012E9	-1.18813606698563201E1
5.19531315364583435E9	-1.20836004314249612E1
5.23437565104166680E9	-1.23030001526547217E1
5.27343814843750014E9	-1.25394068742459552E1
5.31250064583333437E9	-1.27924422694167972E1
5.35156314322916593E9	-1.30614217588334647E1
5.39062564062500105E9	-1.33452538184546299E1
5.42968813802083439E9	-1.36423172569038509E1
5.46875063541666684E9	-1.39503161543540188E1
5.50781313281250018E9	-1.42661161121520808E1
5.54687563020833441E9	-1.45855725185346996E1
5.58593812760416508E9	-1.49033727187913456E1
5.62500062500000020E9	-1.52129295624952543E1
5.66406312239583354E9	-1.55063818824484101E1
5.70312561979166777E9	-1.57747719346086090E1
5.74218811718750111E9	-1.60084689012598824E1
5.78125061458333445E9	-1.61978756339478136E1
5.82031311197916690E9	-1.63343823551696343E1
5.85937560937499935E9	-1.64114261430299213E1
5.89843810677083447E9	-1.64254207697781029E1
5.93750060416666692E9	-1.63762995269442202E1
5.97656310156250026E9	-1.62675026492955577E1
6.01562559895833360E9	-1.61054138603050556E1
6.05468809635416783E9	-1.58984210902765644E1
6.09375059375000028E9	-1.56558600188037889E1
6.13281309114583273E9	-1.53870723626540706E1
6.17187558854166696E9	-1.51007146851264618E1
6.21093808593749941E9	-1.48043494568563094E1
6.25000058333333364E9	-1.45042786920281053E1
6.28906308072916787E9	-1.42055504354288709E1
6.32812557812500032E9	-1.39120685752244366E1
6.36718807552083366E9	-1.36267513525261919E1
6.40625057291666700E9	-1.33517020126085706E1
6.44531307031249945E9	-1.30883704403569001E1
6.48437556770833545E9	-1.28376955912002177E1
6.52343806510416790E9	-1.26002254069326303E1
6.56250056250000036E9	-1.23762147357549890E1
6.60156305989583281E9	-1.21657036077045211E1
6.64062555729166792E9	-1.19685788625245881E1
6.67968805468749860E9	-1.17846221350961144E1
6.71875055208333372E9	-1.16135469109873668E1
6.75781304947916617E9	-1.14550269632101620E1
6.79687554687500040E9	-1.13087180710962110E1
6.83593804427083285E9	-1.11742745497711748E1
6.87500054166666530E9	-1.10513618008467307E1
6.95312553645833464E9	-1.08389004937145050E1
7.03125053125000044E9	-1.06691880499644443E1
7.10937552604166711E9	-1.05406719733830223E1
7.18750052083333468E9	-1.04524910353618616E1
7.22656301822916713E9	-1.04234620417748514E1
7.26562551562499959E9	-1.04045381633750655E1
7.30468801302083381E9	-1.03958309216281686E1
7.34375051041666627E9	-1.03975035343272126E1
7.38281300781249961E9	-1.04097713714708728E1
7.42187550520833383E9	-1.04329020058044453E1
7.46093800260416806E9	-1.04672147079039290E1
7.50000050000000051E9	-1.05130791805115553E1
7.57812549479166808E9	-1.06411792443110009E1
7.65625048958333565E9	-1.08210429753015869E1
7.73437548437500233E9	-1.10569834962754898E1
7.81250047916666723E9	-1.13533577205761604E1
7.85156297656249968E9	-1.15254043914136162E1
7.89062547395833302E9	-1.17138108804429852E1
7.92968797135416725E9	-1.19187164570359716E1
7.96875046874999970E9	-1.21400216974545105E1
8.00781296614583482E9	-1.23773065174305841E1
8.04687546354166727E9	-1.26297323601045708E1
8.08593796093749972E9	-1.28959288171984254E1
8.12500045833333395E9	-1.31738674985914406E1
8.20312545312500063E9	-1.37527849312052397E1
8.28125044791666731E9	-1.43324731539221362E1
8.35937544270833222E9	-1.48631469884795742E1
8.43750043750000245E9	-1.52846248394925199E1
8.51562543229166735E9	-1.55419701761109907E1
8.59375042708333403E9	-1.56070572775849170E1
8.67187542187499893E9	-1.54916726113043723E1
8.75000041666666917E9	-1.52410392218116120E1
8.82812541145833407E9	-1.49140065167243341E1
8.90625040624999897E9	-1.45652493182043585E1
8.98437540104166921E9	-1.42373414557312628E1
9.06250039583333411E9	-1.39609091693623588E1
9.10156289322916834E9	-1.38491959627477379E1
9.14062539062500079E9	-1.37583484224643438E1
9.17968788802083324E9	-1.36905905628053204E1
9.21875038541666747E9	-1.36481472220313771E1
9.25781288281250170E9	-1.36333494480629569E1
9.29687538020833415E9	-1.36487329499583621E1
9.33593787760416660E9	-1.36971325422236667E1
9.37500037499999905E9	-1.37817758039347638E1
9.41406287239583506E9	-1.39063795179041416E1
9.45312536979166751E9	-1.40752530905015272E1
9.49218786718749996E9	-1.42934143583226403E1
9.53125036458333241E9	-1.45667253260413609E1
9.57031286197916664E9	-1.49020589468746856E1
9.60937535937499909E9	-1.53075137254440463E1
9.64843785677083332E9	-1.57927015395170134E1
9.68750035416666933E9	-1.63691464886342497E1
9.72656285156250000E9	-1.70168352379921406E1
9.76562534895833423E9	-1.77662394771320042E1
9.80468784635416846E9	-1.86302444885843066E1
9.84375034375000091E9	-1.96215764588068708E1
9.88281284114583514E9	-2.07440662670475229E1
9.92187533854166759E9	-2.19725744546619950E1
9.96093783593750004E9	-2.32057968176002660E1
1.00000003333333343E10	-2.41893394519742611E1
1.00390628307291685E10	-2.45197711420918019E1
1.00781253281250005E10	-2.39568115820233363E1
1.01171878255208325E10	-2.27223125095621903E1
1.01562503229166690E10	-2.12228375590291796E1
1.01953128203124987E10	-1.97228402559452221E1
1.02343753177083352E10	-1.83301292861359100E1
1.02734378151041672E10	-1.70729933486001140E1
1.03125003125000014E10	-1.59491069289512111E1
1.03515628098958334E10	-1.49465372486538373E1
1.03906253072916677E10	-1.40515995531739413E1
1.04296878046874997E10	-1.32515024353624278E1
1.04687503020833317E10	-1.25350546522004658E1
1.05078127994791681E10	-1.18926894953815832E1
1.05468752968750001E10	-1.13162778306069911E1
1.05859377942708344E10	-1.07989016341888089E1
1.06250002916666686E10	-1.03346460603329082E1
1.06640627890625006E10	-9.91842530608296613E0
1.07031252864583348E10	-9.54584220208288414E0
1.07421877838541668E10	-9.21307669656083839E0
1.07812502812499988E10	-8.91679761018250616E0
1.08203127786458309E10	-8.65409261518475503E0
1.08593752760416695E10	-8.42241231972288240E0
1.08984377734374993E10	-8.21952524355987180E0
1.09375002708333335E10	-8.04348123601421250E0
1.09765627682291678E10	-7.89258149275041987E0
1.10156252656249998E10	-7.76535379104917745E0
1.10546877630208340E10	-7.66053190949837060E0
1.10937502604166682E10	-7.57703845289575995E0
1.11328127578125047E10	-7.51397048796058797E0
1.11718752552083367E10	-7.47058752707842633E0
1.12109377526041687E10	-7.44630148839061512E0
1.12500002499999985E10	-7.44066832010516688E0
1.12890627473958327E10	-7.45338101094132899E0
1.13281252447916669E10	-7.48426372055589262E0
1.13671877421875012E10	-7.53326675481635810E0
1.14062502395833332E10	-7.60046207993066147E0
1.14453127369791696E10	-7.68603901355474939E0
1.14843752343749994E10	-7.79029964441472078E0
1.15234377317708314E10	-7.91365340597805833E0
1.15625002291666679E10	-8.05661005166651734E0
1.16015627265625021E10	-8.21977003130594674E0
1.16406252239583341E10	-8.40381092661511886E0
1.16796877213541683E10	-8.60946813481912088E0
1.17187502187500003E10	-8.83750735123791920E0
1.17578127161458346E10	-9.08868554097834114E0
1.17968752135416688E10	-9.36369594689664098E0
1.18359377109375008E10	-9.66309120196207871E0
1.18750002083333372E10	-9.98717678390655195E0
1.19140627057291693E10	-1.03358649656949608E1
1.19531252031250013E10	-1.07084774365752167E1
1.19921877005208333E10	-1.11034838001093350E1
1.20312501979166675E10	-1.15181651262615237E1
1.20703126953124995E10	-1.19482002806852328E1
1.21093751927083337E10	-1.23871938670497950E1
1.21484376901041680E10	-1.28262063085857791E1
1.21875001875000000E10	-1.32534152425758056E1
1.22265626848958364E10	-1.36541269990424152E1
1.22656251822916684E10	-1.40114295019223078E1
1.23046876796875004E10	-1.43077469168826532E1
1.23437501770833324E10	-1.45273125090008293E1
1.23828126744791689E10	-1.46591013912245693E1
1.24218751718749987E10	-1.46992820081489839E1
1.24609376692708373E10	-1.46521749616155583E1
1.25000001666666694E10	-1.45292803112601576E1
1.25390626640624991E10	-1.43468243465678191E1
1.25781251614583356E10	-1.41228407672323675E1
1.26171876588541676E10	-1.38747221287333566E1
1.26562501562499996E10	-1.36176918919278123E1
1.26953126536458316E10	-1.33641752833408067E1
1.27343751510416636E10	-1.31238071835585801E1
1.27734376484375001E10	-1.29037867627588843E1
1.28125001458333321E10	-1.27093620493634241E1
1.28515626432291663E10	-1.25443172109742940E1
1.28906251406250005E10	-1.24114037145785638E1
1.29296876380208348E10	-1.23126980364584715E1
1.29687501354166690E10	-1.22498896984312999E1
1.30078126328124966E10	-1.22245121490041653E1
1.30468751302083352E10	-1.22381313933481461E1
1.30859376276041717E10	-1.22925069882272719E1
1.31250001250000037E10	-1.23897390847688271E1
1.31640626223958357E10	-1.25324147044491152E1
1.32031251197916677E10	-1.27237670313084861E1
1.32421876171874997E10	-1.29678638032129223E1
1.32812501145833339E10	-1.32698457574876105E1
1.33203126119791659E10	-1.36362450628261733E1
1.33593751093750002E10	-1.40754296319117467E1
1.33984376067708322E10	-1.45982477977189840E1
1.34375001041666642E10	-1.52190005771684689E1
1.34765626015625029E10	-1.59569704984292238E1
1.35156250989583349E10	-1.68389440312166760E1
1.35546875963541669E10	-1.79036223129547167E1
1.35937500937499989E10	-1.92099186649022791E1
1.36328125911458353E10	-2.08541414354245269E1
1.36718750885416673E10	-2.30106499825544963E1
1.37109375859375016E10	-2.60494290903948311E1
1.37500000833333336E10	-3.10189435319895468E1
1.37597657076822921E10	-3.29260514705706964E1
1.37695313320312529E10	-3.53940838135590630E1
1.37792969563802070E10	-3.88815870032079181E1
1.37890625807291700E10	-4.48234072578310094E1
1.37988282050781241E10	-6.09075260300216037E1
1.38085938294270849E10	-4.46549905103593670E1
1.38183594537760435E10	-3.87174648200951399E1
1.38281250781250020E10	-3.51969463244286951E1
1.38476563268229191E10	-3.07325514143033640E1
1.38671875755208340E10	-2.77774527520680881E1
1.38867188242187511E10	-2.55641779457600515E1
1.39062500729166683E10	-2.37945724654954249E1
1.39453125703125003E10	-2.10606301659457973E1
1.39843750677083323E10	-1.89859873831691028E1
1.40234375651041687E10	-1.73238563746439067E1
1.40625000625000007E10	-1.59469887134335364E1
1.41015625598958350E10	-1.47808998274713388E1
1.41406250572916692E10	-1.37780280308601943E1
1.41796875546875012E10	-1.29059889844948605E1
1.42187500520833376E10	-1.21416081840421453E1
1.42578125494791697E10	-1.14676302576664590E1
1.42968750468749972E10	-1.08707866393842334E1
1.43359375442708314E10	-1.03406028564920827E1
1.43750000416666657E10	-9.86863164232020296E0
1.44140625390625021E10	-9.44794251762086645E0
1.44531250364583341E10	-9.07277166679306291E0
1.44921875338541684E10	-8.73827515694095602E0
1.45312500312500004E10	-8.44035058281156836E0
1.45703125286458346E10	-8.17550510150763010E0
1.46093750260416666E10	-7.94075560580722151E0
1.46484375234375030E10	-7.73355162260149065E0
1.46875000208333351E10	-7.55171459909599552E0
1.47265625182291671E10	-7.39338923282491578E0
1.47656250156249991E10	-7.25700381366064562E0
1.48046875130208333E10	-7.14123742112955107E0
1.48437500104166675E10	-7.04499241077314409E0
1.48828125078124973E10	-6.96737102599659508E0
1.49218750052083360E10	-6.90765524968455669E0
1.49609375026041702E10	-6.86528920424051137E0
1.50000000000000000E10	-6.83986354729268253E0


