freq	dB(S11_discrete)
0.00000000000000000E0	-1.12826313586735338E-13
8.33333333299999879E7	-1.44055572903965623E-2
2.22222222200000008E8	-3.78426915976058043E-2
5.00000000000000000E8	-1.04629494167704640E-1
1.00000000000000000E9	-2.74652076452925220E0
1.16666666699999988E9	-1.51518465016968196E1
1.25000000000000000E9	-1.11877290401254137E1
1.33333333400000020E9	-6.23039770871135090E0
1.50000000000000000E9	-3.04948500169388215E0
1.83333333299999990E9	-1.60027521376384452E0
2.00000000000000000E9	-1.33941073680241796E0
2.66666666599999980E9	-4.21925863221646757E-1
3.33333333300000012E9	-3.91435141621262472E-1
4.00000000000000000E9	-7.64273106606214547E0
4.27777777799999903E9	-2.73157454037138514E1
4.64814814899999895E9	-1.16347980858104871E1
4.83333333400000065E9	-8.17326466264542439E0
5.11111111200000057E9	-4.89967916864178044E0
5.66666666700000032E9	-2.14717262402608355E0
6.00000000000000000E9	-1.72763015098667427E0
6.66666666700000121E9	-2.28030139984822844E0
7.33333333400000065E9	-3.86153035842052184E0
8.00000000000000000E9	-6.11774309420009121E0
8.33333333299999879E9	-9.46584923214557072E0
8.79629629599999951E9	-1.68286283729641117E1
9.25925925899999847E9	-1.32342164776031135E1
9.44444444400000194E9	-1.06490661341745585E1
9.81481481500000186E9	-8.59634857516301132E0
1.00000000000000000E10	-8.89935259949671575E0


freq	dB(S11_fitted)
0.00000000000000000E0	-1.12826313586735338E-13
8.27425244471361410E0	-1.19576605852608409E-13
8.27425244471361410E1	-1.42720465049887646E-13
8.27425244471361410E2	-2.37417422265451750E-12
8.27425244471361410E3	-2.24476147667174875E-10
1.04166666662499829E4	-3.55680614115863847E-10
1.31138063723313336E4	-5.63643618253884959E-10
1.65093040874762020E4	-8.93248817694507657E-10
2.07839824467611090E4	-1.41561343446625187E-9
2.61654836605114749E4	-2.24355413894437028E-9
3.29403922921029624E4	-3.55568752195239535E-9
4.14694969309971206E4	-5.63533877952711482E-9
5.22070035007525135E4	-8.93130687993107308E-9
6.57247233807243880E4	-1.41550938457065678E-8
8.27425244471361765E4	-2.24342289658361560E-8
1.04166666662499896E5	-3.55557672727609742E-8
1.31138063723313425E5	-5.63520012568926454E-8
1.65093040874762131E5	-8.93117654418271911E-8
2.07839824467611223E5	-1.41549315567648559E-7
2.61654836605114838E5	-2.24340002952374018E-7
3.29403922921029713E5	-3.55553625244427973E-7
4.14694969309971562E5	-5.63511342358476597E-7
5.22070035007525490E5	-8.93097406291548701E-7
6.57247233807244147E5	-1.41544429767397784E-6
8.27425244471362120E5	-2.24327865382544100E-6
1.04166666662499918E6	-3.55523315279752250E-6
1.31138063723313492E6	-5.63435374037818626E-6
1.65093040874762176E6	-8.92906766000083252E-6
2.07839824467611223E6	-1.41496567963284292E-5
2.61654836605114927E6	-2.24207690302078433E-5
3.29403922921029935E6	-3.55221589994249687E-5
4.14694969309971739E6	-5.62677979465848033E-5
5.22070035007525668E6	-8.91006247469867141E-5
6.57247233807244591E6	-1.41019956709122019E-4
8.27425244471362831E6	-2.23013575353333104E-4
1.04166666662499985E7	-3.52234285685136150E-4
1.17776035362409348E7	-4.49118188810420893E-4
1.31449446761448918E7	-5.57823052380629214E-4
1.65485048894272557E7	-8.76518475172267131E-4
2.08333333324999970E7	-1.37061378008834600E-3
2.55251850394017987E7	-2.02087031850666765E-3
3.12499999987500043E7	-2.95080878236872390E-3
3.62192144479242994E7	-3.86144157485705630E-3
4.16666666649999939E7	-4.94922768884090303E-3
5.20833333312499924E7	-7.21408959019757567E-3
6.24999999975000087E7	-9.61004465614136372E-3
7.29166666637499805E7	-1.20314959101338870E-2
8.33333333299999879E7	-1.44055572903666196E-2
1.00694444438749997E8	-1.81483700528234859E-2
1.18055555547499980E8	-2.15696494950673667E-2
1.35416666656249984E8	-2.46869109852233315E-2
1.52777777764999967E8	-2.75574080448114112E-2
1.70138888873749972E8	-3.02483002443545246E-2
1.87499999982499999E8	-3.28234321592265932E-2
2.04861111091249981E8	-3.53389069095493369E-2
2.22222222200000008E8	-3.78426915975360645E-2
2.39583333312499969E8	-4.03758021768693176E-2
2.56944444424999974E8	-4.29739380245183344E-2
2.74305555537499979E8	-4.56691023013631181E-2
2.91666666649999984E8	-4.84910524712726776E-2
3.09027777762499989E8	-5.14685573191497525E-2
3.26388888875000038E8	-5.46304872778539252E-2
3.43749999987499999E8	-5.80067799573207310E-2
3.61111111099999960E8	-6.16293238077955774E-2
3.78472222212500009E8	-6.55327993087174843E-2
3.95833333324999970E8	-6.97555129342153357E-2
4.13194444437499975E8	-7.43402559388747886E-2
4.30555555549999980E8	-7.93352182337237544E-2
4.47916666662499985E8	-8.47949873882135563E-2
4.65277777774999901E8	-9.07816640909541128E-2
4.82638888887499995E8	-9.73661282294746400E-2
5.00000000000000000E8	-1.04629494167713410E-1
5.15625000000000000E8	-1.11823603245644732E-1
5.31250000000000000E8	-1.19720179009959460E-1
5.46875000000000000E8	-1.28407067386928109E-1
5.62500000000000000E8	-1.37984169286024327E-1
5.78125000000000000E8	-1.48565287852491901E-1
5.93750000000000000E8	-1.60280292413545999E-1
6.09375000000000000E8	-1.73277661300365371E-1
6.25000000000000000E8	-1.87727478553369909E-1
6.40625000000000000E8	-2.03824975206455328E-1
6.56250000000000000E8	-2.21794725042977880E-1
6.71875000000000000E8	-2.41895628219321646E-1
6.87500000000000000E8	-2.64426844975648789E-1
7.03125000000000000E8	-2.89734877112467037E-1
7.18750000000000000E8	-3.18222038826342857E-1
7.34375000000000000E8	-3.50356613574463349E-1
7.50000000000000000E8	-3.86685064304723358E-1
7.65625000000000000E8	-4.27846758504976865E-1
7.81250000000000000E8	-4.74591801806025426E-1
7.96875000000000000E8	-5.27802772164647926E-1
8.12500000000000000E8	-5.88521461640416810E-1
8.28125000000000000E8	-6.57982246591511455E-1
8.43750000000000000E8	-7.37654517205152871E-1
8.59375000000000000E8	-8.29297702104523182E-1
8.75000000000000000E8	-9.35033366423552792E-1
8.82812500000000000E8	-9.93970315183989683E-1
8.90625000000000000E8	-1.05743809427509849E0
8.98437500000000000E8	-1.12584833489165748E0
9.06250000000000000E8	-1.19965572327618752E0
9.14062500000000000E8	-1.27936165434626936E0
9.21875000000000000E8	-1.36551759705092479E0
9.29687500000000000E8	-1.45872820449987728E0
9.37500000000000000E8	-1.55965439895630809E0
9.45312500000000000E8	-1.66901684572609055E0
9.53125000000000000E8	-1.78760031561834909E0
9.60937500000000000E8	-1.91625937065082486E0
9.68750000000000000E8	-2.05592561184459033E0
9.76562500000000000E8	-2.20761648764115437E0
9.84375000000000000E8	-2.37244547949434459E0
9.92187500000000000E8	-2.55163342053822362E0
1.00000000000000000E9	-2.74652076452940586E0
1.00520833334374982E9	-2.88588919676445332E0
1.01041666668750008E9	-3.03335909255506753E0
1.01562500003125011E9	-3.18943366493994063E0
1.02083333337500015E9	-3.35464928550486663E0
1.02604166671875019E9	-3.52957778755600593E0
1.03125000006250001E9	-3.71482896310701571E0
1.03645833340624982E9	-3.91105328772870742E0
1.04166666675000008E9	-4.11894490959276727E0
1.04687500009375034E9	-4.33924493988338789E0
1.05208333343750016E9	-4.57274508005695779E0
1.05729166678125019E9	-4.82029161533812456E0
1.06250000012500001E9	-5.08278979033859635E0
1.06770833346874983E9	-5.36120855699491017E0
1.07291666681250009E9	-5.65658563962414451E0
1.07812500015625012E9	-5.97003278497988354E0
1.08333333350000016E9	-6.30274093813285941E0
1.08854166684374976E9	-6.65598487836320718E0
1.09375000018750002E9	-7.03112651623064799E0
1.09895833353124983E9	-7.42961551887796290E0
1.10416666687500009E9	-7.85298507568003323E0
1.10937500021874991E9	-8.30283924829318565E0
1.11458333356249994E9	-8.78082615957246304E0
1.11979166690624998E9	-9.28858777329219087E0
1.12500000025000002E9	-9.82767143079628269E0
1.13020833359375006E9	-1.03993794745301127E1
1.13541666693749965E9	-1.10045195550821107E1
1.14062500028125013E9	-1.16429976229345455E1
1.14583333362499995E9	-1.23131668983607878E1
1.15104166696874999E9	-1.30108123015637811E1
1.15625000031250003E9	-1.37276279128064949E1
1.16145833365625006E9	-1.44490880875033900E1
1.16666666699999988E9	-1.51518465016968484E1
1.17187500031250003E9	-1.58014343998479423E1
1.17708333362499995E9	-1.63521999211869873E1
1.18229166693749965E9	-1.67525315716138334E1
1.18750000025000002E9	-1.69572841126473284E1
1.19270833356249994E9	-1.69438127122962578E1
1.19791666687500009E9	-1.67216766343268430E1
1.20312500018750002E9	-1.63283121658947250E1
1.20833333350000016E9	-1.58142383569344824E1
1.21354166681250009E9	-1.52282811936825691E1
1.21875000012500001E9	-1.46094203056507532E1
1.22395833343750016E9	-1.39850727067156155E1
1.22916666675000008E9	-1.33727920554081892E1
1.23437500006250001E9	-1.27828976198825961E1
1.23958333337499993E9	-1.22208392677410282E1
1.24479166668750030E9	-1.16889651338020828E1
1.25000000000000000E9	-1.11877290401251894E1
1.25520833337499993E9	-1.07164753459127904E1
1.26041666675000008E9	-1.02739340626749187E1
1.26562500012500001E9	-9.85852662985403327E0
1.27083333350000016E9	-9.46855123052764647E0
1.27604166687500009E9	-9.10229255426533612E0
1.28125000025000024E9	-8.75808464465818481E0
1.28645833362500017E9	-8.43434484806662965E0
1.29166666700000010E9	-8.12959013153956178E0
1.30208333374999996E9	-7.57162994963867497E0
1.31250000049999982E9	-7.07441408184990550E0
1.32291666724999990E9	-6.62966320934287090E0
1.33333333400000020E9	-6.23039770871125853E0
1.34375000062499961E9	-5.87072743167156474E0
1.35416666724999990E9	-5.54566639084123203E0
1.36458333387499975E9	-5.25097720011368096E0
1.37500000049999982E9	-4.98304313288675793E0
1.38541666712499989E9	-4.73876374374557408E0
1.39583333374999996E9	-4.51546983971428162E0
1.40625000037500003E9	-4.31085408795802572E0
1.41666666700000010E9	-4.12291418317104430E0
1.42708333362500017E9	-3.94990609647124646E0
1.43750000025000024E9	-3.79030543468739722E0
1.44791666687500009E9	-3.64277534911826884E0
1.45833333350000016E9	-3.50613975755733787E0
1.46875000012499979E9	-3.37936089797362538E0
1.47916666675000008E9	-3.26152043126119162E0
1.48958333337499993E9	-3.15180346616970963E0
1.50000000000000000E9	-3.04948500169390169E0
1.52083333331250015E9	-2.86452540635160302E0
1.54166666662500007E9	-2.70224039021566176E0
1.56249999993750022E9	-2.55908021095368143E0
1.58333333324999992E9	-2.43215676111764134E0
1.60416666656249984E9	-2.31910071488192271E0
1.62499999987500021E9	-2.21795291457695498E0
1.64583333318750036E9	-2.12708097867336798E0
1.66666666650000006E9	-2.04511468710145206E0
1.68749999981249976E9	-1.97089548505251200E0
1.70833333312499991E9	-1.90343670117600006E0
1.72916666643750006E9	-1.84189196884452855E0
1.74999999974999976E9	-1.78552998158075971E0
1.77083333306250035E9	-1.73371418095522944E0
1.79166666637500005E9	-1.68588631850566983E0
1.81249999968749975E9	-1.64155308784384801E0
1.83333333299999990E9	-1.60027521376393067E0
1.87499999974999976E9	-1.52534668029286702E0
1.91666666649999984E9	-1.45836663551847967E0
1.95833333324999970E9	-1.39704204636442864E0
2.00000000000000000E9	-1.33941073680251366E0
2.04166666662499985E9	-1.28378103258503673E0
2.08333333324999970E9	-1.22871173408474532E0
2.12499999987499999E9	-1.17302447500625417E0
2.16666666649999984E9	-1.11583908095418161E0
2.20833333312499969E9	-1.05661909268975185E0
2.24999999974999998E9	-9.95210889031184642E-1
2.29166666637499983E9	-9.31858312520296650E-1
2.33333333299999968E9	-8.67177793768619765E-1
2.37499999962499997E9	-8.02087630439793386E-1
2.41666666624999982E9	-7.37697523806952304E-1
2.45833333287500011E9	-6.75176373780874428E-1
2.49999999949999996E9	-6.15622815648854349E-1
2.54166666612500070E9	-5.59961428515368986E-1
2.58333333274999966E9	-5.08879101571813131E-1
2.62499999937499995E9	-4.62804747428672059E-1
2.66666666599999980E9	-4.21925863221755115E-1
2.70833333268749987E9	-3.86230055434528197E-1
2.74999999937499995E9	-3.55558838457569237E-1
2.79166666606250047E9	-3.29663391384280491E-1
2.83333333274999966E9	-3.08255658813824152E-1
2.85416666609375014E9	-2.99144791682670608E-1
2.87499999943750018E9	-2.91051761168705347E-1
2.89583333278125021E9	-2.83947538170513081E-1
2.91666666612500070E9	-2.77807401792801789E-1
2.93749999946874940E9	-2.72611717716532631E-1
2.95833333281249988E9	-2.68346668698917323E-1
2.97916666615625036E9	-2.65004958219657460E-1
2.99999999949999951E9	-2.62586508332673452E-1
3.02083333284374955E9	-2.61099172627751663E-1
3.04166666618749959E9	-2.60559485001716418E-1
3.06249999953125007E9	-2.60993464793690855E-1
3.08333333287500100E9	-2.62437498828783466E-1
3.10416666621874970E9	-2.64939321087876856E-1
3.12499999956250019E9	-2.68559111099473213E-1
3.14583333290625067E9	-2.73370732732476718E-1
3.16666666624999982E9	-2.79463135833462850E-1
3.18749999959375030E9	-2.86941944051198616E-1
3.20833333293750034E9	-2.95931253153360352E-1
3.22916666628125038E9	-3.06575665059684610E-1
3.24999999962499952E9	-3.19042583551691816E-1
3.27083333296875001E9	-3.33524797979712417E-1
3.29166666631250004E9	-3.50243381026172429E-1
3.31249999965625008E9	-3.69450925379565831E-1
3.33333333300000012E9	-3.91435141621307903E-1
3.35416666634374883E9	-4.16522835226617971E-1
3.37499999968750064E9	-4.45084273718361434E-1
3.39583333303124979E9	-4.77537944969983030E-1
3.41666666637500072E9	-5.14355693605628250E-1
3.43749999971875075E9	-5.56068203496124447E-1
3.45833333306249946E9	-6.03270769592893075E-1
3.47916666640624950E9	-6.56629270963998657E-1
3.49999999975000042E9	-7.16886218349332882E-1
3.51041666642187433E9	-7.49856067502264700E-1
3.52083333309375002E9	-7.84866703793069043E-1
3.53124999976562481E9	-8.22035091139328777E-1
3.54166666643750094E9	-8.61484027742326397E-1
3.55208333310937530E9	-9.03342283934117418E-1
3.56249999978124965E9	-9.47744722495492020E-1
3.57291666645312400E9	-9.94832398287892694E-1
3.58333333312499969E9	-1.04475263388724615E0
3.59374999979687448E9	-1.09765906779535105E0
3.60416666646874972E9	-1.15371167174955325E0
3.61458333314062497E9	-1.21307673366648916E0
3.62499999981249976E9	-1.27592680285774551E0
3.63541666648437545E9	-1.34244059435977303E0
3.64583333315625069E9	-1.41280284954391044E0
3.65624999982812593E9	-1.48720415063122924E0
3.66666666649999939E9	-1.56584068734634685E0
3.67708333317187464E9	-1.64891397471722811E0
3.68749999984375032E9	-1.73663052197441203E0
3.69791666651562512E9	-1.82920145362978293E0
3.70833333318750036E9	-1.92684208512179489E0
3.71874999985937515E9	-2.02977145689717275E0
3.72916666653124995E9	-2.13821183244444724E0
3.73958333320312519E9	-2.25238816758422189E0
3.74999999987499999E9	-2.37252756022498712E0
3.76041666654687523E9	-2.49885869177685915E0
3.77083333321874914E9	-2.63161127343639745E0
3.78124999989062394E9	-2.77101551256445866E0
3.79166666656250007E9	-2.91730161632553342E0
3.80208333323437397E9	-3.07069935159002894E0
3.81249999990625010E9	-3.23143768177067869E0
3.82291666657812490E9	-3.39974450273288475E0
3.83333333324999970E9	-3.57584650115503155E0
3.84374999992187583E9	-3.75996915971020362E0
3.85416666659375062E9	-3.95233693420338827E0
3.86458333326562453E9	-4.15317362836442605E0
3.87499999993750066E9	-4.36270299243450310E0
3.88541666660937546E9	-4.58114957208851514E0
3.89583333328125025E9	-4.80873983474376843E0
3.90624999995312550E9	-5.04570360108958926E0
3.91666666662500074E9	-5.29227581094293598E0
3.92708333329687420E9	-5.54869865454894917E0
3.93749999996874944E9	-5.81522410350566332E0
3.94791666664062513E9	-6.09211687995604745E0
3.95833333331249992E9	-6.37965790898232665E0
3.96874999998437605E9	-6.67814830776743218E0
3.97916666665624996E9	-6.98791397667799075E0
3.98958333332812520E9	-7.30931087274542701E0
4.00000000000000000E9	-7.64273106606194386E0
4.00868055556249914E9	-7.93007815417065309E0
4.01736111112500005E9	-8.22635457994700126E0
4.02604166668750008E9	-8.53186719109549152E0
4.03472222225000010E9	-8.84695532720731848E0
4.04340277781250101E9	-9.17199558737024567E0
4.05208333337499926E9	-9.50740728865385876E0
4.06076388893750018E9	-9.85365874897393113E0
4.06944444450000020E9	-1.02112745605933508E1
4.08680555562500025E9	-1.09630312727174983E1
4.10416666675000030E9	-1.17683608616085755E1
4.12152777787500035E9	-1.26345745797823028E1
4.13888888899999952E9	-1.35712147439258657E1
4.15625000012499957E9	-1.45909542132333958E1
4.17361111124999873E9	-1.57109901837749866E1
4.19097222237500056E9	-1.69553028673526351E1
4.20833333349999972E9	-1.83585169116014102E1
4.22569444462499977E9	-1.99729514690570720E1
4.24305555574999893E9	-2.18826088896804549E1
4.26041666687500076E9	-2.42341125346628594E1
4.27777777799999903E9	-2.73157454037137004E1
4.28935185209375014E9	-3.00741692925221926E1
4.30092592618749947E9	-3.38487972880416876E1
4.31250000028125058E9	-3.90539715292946221E1
4.32407407437499991E9	-3.99064496254064593E1
4.33564814846874924E9	-3.48195798358947206E1
4.34722222256250035E9	-3.10137964524775933E1
4.35879629665624968E9	-2.83123566858784592E1
4.37037037074999990E9	-2.62593386786381888E1
4.39351851893749945E9	-2.32526390377673264E1
4.41666666712500078E9	-2.10798076089697339E1
4.43981481531250033E9	-1.93887342448822197E1
4.46296296349999988E9	-1.80091591004495521E1
4.48611111168749943E9	-1.68461671018311376E1
4.50925925987500076E9	-1.58415728417390822E1
4.53240740806250120E9	-1.49572268151061283E1
4.55555555625000075E9	-1.41668468079510013E1
4.57870370443749941E9	-1.34516360948088609E1
4.60185185262499896E9	-1.27977595889107909E1
4.62500000081250029E9	-1.21948047974771545E1
4.64814814899999895E9	-1.16347980858103162E1
4.67129629712500005E9	-1.11115503907375879E1
4.69444444525000026E9	-1.06202069062808757E1
4.71759259337499870E9	-1.01569277887486020E1
4.74074074149999980E9	-9.71865575402228643E0
4.76388888962500001E9	-9.30294300290014675E0
4.78703703775000022E9	-8.90781973214557432E0
4.81018518587499955E9	-8.53169251870406242E0
4.83333333400000065E9	-8.17326466264523610E0
4.85069444512499981E9	-7.92433165982010301E0
4.86805555625000075E9	-7.68002811656779638E0
4.88541666737499902E9	-7.44081671182545357E0
4.90277777849999996E9	-7.20710073519540639E0
4.92013888962500001E9	-6.97922290623141350E0
4.93750000075000006E9	-6.75746529819579411E0
4.95486111187499922E9	-6.54205031954252814E0
4.97222222300000016E9	-6.33314267432471389E0
4.98958333412499933E9	-6.13085219460559827E0
5.00694444525000026E9	-5.93523741539184968E0
5.02430555637499943E9	-5.74630974676559525E0
5.04166666750000037E9	-5.56403808937000921E0
5.05902777862500130E9	-5.38835373821282992E0
5.07638888974999958E9	-5.21915542536277588E0
5.09375000087499963E9	-5.05631436354804542E0
5.11111111200000057E9	-4.89967916864179376E0
5.12847222309375006E9	-4.74908055836533194E0
5.14583333418750044E9	-4.60433574366317622E0
5.16319444528125082E9	-4.46525245435812934E0
5.18055555637499943E9	-4.33163255542472481E0
5.19791666746874981E9	-4.20327523298801253E0
5.21527777856249930E9	-4.07997974372746519E0
5.23263888965625057E9	-3.96154773528261162E0
5.25000000075000006E9	-3.84778515612085092E0
5.28472222293750082E9	-3.63352238773073744E0
5.31944444512499981E9	-3.43577452552312224E0
5.35416666731249968E9	-3.25325775411714657E0
5.38888888950000045E9	-3.08482947085039383E0
5.40625000059374905E9	-3.00557950163534571E0
5.42361111168750121E9	-2.92948534910428338E0
5.44097222278124981E9	-2.85644140470460783E0
5.45833333387500019E9	-2.78634918852950664E0
5.47569444496875057E9	-2.71911684640410778E0
5.49305555606249918E9	-2.65465863467823260E0
5.51041666715625134E9	-2.59289440423061368E0
5.52777777824999994E9	-2.53374909301981655E0
5.56250000043750070E9	-2.42303748834126376E0
5.59722222262500058E9	-2.32200696534005280E0
5.63194444481250134E9	-2.23019319418331019E0
5.66666666700000032E9	-2.14717262402608267E0
5.68750000031250025E9	-2.10141670643533240E0
5.70833333362499928E9	-2.05860410883694955E0
5.72916666693750098E9	-2.01865686407305356E0
5.75000000024999913E9	-1.98149914834904362E0
5.77083333356250172E9	-1.94705696581689769E0
5.79166666687499987E9	-1.91525790373612681E0
5.81250000018749979E9	-1.88603095170435409E0
5.83333333349999972E9	-1.85930637846861391E0
5.87500000012499868E9	-1.81309145257423099E0
5.91666666674999941E9	-1.77607920783270368E0
5.95833333337500015E9	-1.74775579072205822E0
6.00000000000000000E9	-1.72763015098666006E0
6.04166666668750008E9	-1.71523809947383676E0
6.08333333337500015E9	-1.71014723505632404E0
6.12500000006249934E9	-1.71196238533656153E0
6.16666666674999941E9	-1.72033128138790525E0
6.20833333343750127E9	-1.73495023296032147E0
6.25000000012499868E9	-1.75556958035274158E0
6.29166666681250053E9	-1.78199866226052617E0
6.33333333349999972E9	-1.81410994496682543E0
6.37500000018749979E9	-1.85184179604621857E0
6.41666666687499987E9	-1.89519914614855645E0
6.45833333356250172E9	-1.94425096420308607E0
6.50000000025000002E9	-1.99912309223333162E0
6.54166666693750187E9	-2.05998460046008258E0
6.58333333362499928E9	-2.12702554782531017E0
6.62500000031249936E9	-2.20042407259422257E0
6.66666666700000121E9	-2.28030139984822622E0
6.70833333368750040E9	-2.36666501626089332E0
6.75000000037500048E9	-2.45934325426526890E0
6.79166666706250055E9	-2.55791886518153966E0
6.83333333375000063E9	-2.66167418275304346E0
6.87500000043750070E9	-2.76956453096088850E0
6.91666666712499811E9	-2.88023706798427481E0
6.95833333381249997E9	-2.99210676115494456E0
7.00000000049999915E9	-3.10348889192912880E0
7.08333333387500108E9	-3.31859326258325105E0
7.16666666724999857E9	-3.51652785397439382E0
7.25000000062499872E9	-3.69565128032937995E0
7.33333333400000065E9	-3.86153035842051295E0
7.37500000062499872E9	-3.94254883787074739E0
7.41666666724999857E9	-4.02420098641598845E0
7.45833333387500108E9	-4.10798376794852782E0
7.50000000049999915E9	-4.19540102786218050E0
7.54166666712499811E9	-4.28795387348555845E0
7.58333333375000063E9	-4.38714672046917809E0
7.62500000037500048E9	-4.49450362311287677E0
7.66666666700000121E9	-4.61159038118044062E0
7.70833333362499928E9	-4.74003893949057531E0
7.75000000025000002E9	-4.88157146089160232E0
7.79166666687499987E9	-5.03802203878798238E0
7.83333333350000061E9	-5.21135431450919917E0
7.87500000012499868E9	-5.40367332450609528E0
7.91666666674999853E9	-5.61722979134296363E0
7.95833333337500015E9	-5.85441486537761158E0
8.00000000000000000E9	-6.11774309420009921E0
8.04166666662499985E9	-6.40982120995569815E0
8.08333333325000147E9	-6.73330022753712587E0
8.12499999987500132E9	-7.09080834881345545E0
8.16666666649999939E9	-7.48486221595655721E0
8.20833333312499924E9	-7.91775400716131550E0
8.24999999975000087E9	-8.39141147331608472E0
8.29166666637500072E9	-8.90722694232308143E0
8.33333333299999879E9	-9.46584923214556895E0
8.36226851818750028E9	-9.87883139762432982E0
8.39120370337500177E9	-1.03118426149294740E1
8.42013888856250148E9	-1.07640450371730378E1
8.44907407375000119E9	-1.12341655026154474E1
8.47800925893749735E9	-1.17204133832834456E1
8.50694444412500062E9	-1.22203866743766820E1
8.53587962931250033E9	-1.27309674431321529E1
8.56481481450000182E9	-1.32482105526807503E1
8.59374999968749975E9	-1.37672339810927857E1
8.62268518487499946E9	-1.42821253043143281E1
8.65162037006250095E9	-1.47858867526446702E1
8.68055555524999889E9	-1.52704494378613842E1
8.70949074043750038E9	-1.57267930825834035E1
8.73842592562500009E9	-1.61452063172730576E1
8.76736111081250158E9	-1.65157089728059470E1
8.79629629599999951E9	-1.68286283729641317E1
8.82523148118749923E9	-1.70752792661896535E1
8.85416666637500072E9	-1.72486540559442747E1
8.88310185156250043E9	-1.73440059354185605E1
8.91203703675000014E9	-1.73592191397479567E1
8.94097222193749985E9	-1.72949089027380221E1
8.96990740712499957E9	-1.71542597728895307E1
8.99884259231249928E9	-1.69426658936759944E1
9.02777777749999899E9	-1.66672605044750344E1
9.05671296268750048E9	-1.63364136605063015E1
9.08564814787500019E9	-1.59592516531536077E1
9.11458333306249813E9	-1.55452257423566609E1
9.14351851825000139E9	-1.51037408900722703E1
9.17245370343749933E9	-1.46438476024338504E1
9.20138888862500082E9	-1.41739976161668380E1
9.23032407381249875E9	-1.37018630016963683E1
9.25925925899999847E9	-1.32342164776031712E1
9.28240740712499957E9	-1.28672681249460030E1
9.30555555524999889E9	-1.25094540109976493E1
9.32870370337500177E9	-1.21629062887449013E1
9.35185185149999931E9	-1.18293822387309389E1
9.37499999962500041E9	-1.15102888941191095E1
9.39814814775000151E9	-1.12067131091046068E1
9.42129629587499906E9	-1.09194554126066579E1
9.44444444400000194E9	-1.06490661341745851E1
9.46759259218749882E9	-1.03958824469288946E1
9.49074074037499926E9	-1.01600651414119336E1
9.51388888856250148E9	-9.94163409927091557E0
9.53703703675000014E9	-9.74050160855388292E0
9.56018518493749880E9	-9.55650279461299945E0
9.58333333312499924E9	-9.38942256220672178E0
9.60648148131250146E9	-9.23901852473589535E0
9.62962962949999834E9	-9.10503943310101427E0
9.65277777768750056E9	-8.98723860377392647E0
9.67592592587499922E9	-8.88538178408768964E0
9.69907407406249966E9	-8.79924879147051442E0
9.72222222225000010E9	-8.72862814311367252E0
9.74537037043749876E9	-8.67330379035275101E0
9.76851851862499920E9	-8.63303304641779334E0
9.79166666681249964E9	-8.60751493218312902E0
9.81481481500000186E9	-8.59634857516302375E0
9.83796296312500118E9	-8.59898211645204036E0
9.86111111125000050E9	-8.61465394125390738E0
9.88425925937500161E9	-8.64233003380170395E0
9.90740740750000093E9	-8.68064382100247300E0
9.93055555562500025E9	-8.72784773180960016E0
9.95370370374999958E9	-8.78178824265578406E0
9.97685185187500068E9	-8.83991741284757104E0
1.00000000000000000E10	-8.89935259949676016E0


