freq	dB(S11_discrete)
0.00000000000000000E0	3.51015197825389480E-13
2.60416666700000032E7	-7.58872696673504343E-3
1.56250000000000000E8	-4.56781050360188878E-2
5.46875000000000000E8	-1.46699528287186798E-1
9.37500000000000000E8	-2.12389985786222812E-1
1.40625000000000000E9	-2.51231977459908595E-1
1.64062500000000000E9	-2.98092815843537595E-1
1.87500000000000000E9	-4.75914040523114679E-1
2.18750000000000000E9	-1.50951287290266278E0
2.50000000000000000E9	-5.36703419582067554E0
2.70833333400000020E9	-1.01412965968251756E1
2.91666666700000032E9	-1.27829152315510819E1
3.12500000000000000E9	-1.13540069035078184E1
3.33333333400000020E9	-1.00067906379361315E1
3.75000000000000000E9	-9.04678234079044330E0
4.16666666700000032E9	-1.02108747823667056E1
4.44444444500000024E9	-1.43578125733544404E1
4.62962963000000105E9	-6.41608740136681366E0
5.00000000000000000E9	-6.19365411271730437E0
5.27777777800000081E9	-5.81466560542661348E0
5.50925926000000032E9	-5.18649587901949172E0
6.28086419800000062E9	-4.42956130595576347E0
6.66666666700000121E9	-5.13458204290742071E0
6.94444444400000105E9	-5.99500782596100024E0
7.08333333299999879E9	-6.41585139574159058E0
7.22222222199999919E9	-6.67318166315132277E0
7.50000000000000000E9	-6.11731323679384609E0
7.76041666700000121E9	-4.97874182616189298E0
7.97743055599999895E9	-6.37520326526227166E0
8.19444444499999847E9	-1.19270603160930522E1
9.06250000000000000E9	-1.15435407356800090E1
9.45312500000000000E9	-1.20303922224662174E1
9.84375000000000000E9	-1.29394728128262404E1
1.00390625000000000E10	-1.04472020057682191E1
1.02343750000000000E10	-9.64175818291481335E0
1.06250000000000000E10	-7.62606202100445252E0
1.12500000000000000E10	-6.27695941595581974E0
1.18055555500000020E10	-9.82773674230052663E0
1.20833333300000012E10	-1.37896055176982957E1
1.25000000000000000E10	-3.11759400118961638E1
1.31250000000000000E10	-1.03529881465157891E1
1.34375000000000000E10	-7.26244393830842494E0
1.37500000000000000E10	-9.39363401081584470E0
1.39583333299999990E10	-9.83178511832999469E0
1.43923611100000004E10	-8.07904231483846225E0
1.48263888899999996E10	-5.68968651891438881E0
1.50000000000000000E10	-4.56895659830445933E0


freq	dB(S11_fitted)
0.00000000000000000E0	3.51015197825389480E-13
8.19612898408403012E0	3.52943852758495957E-13
8.19612898408403012E1	2.60368415969383626E-13
8.19612898408403012E2	-8.95281619948533347E-12
8.19612898408403012E3	-9.29810329265245983E-10
1.03183150564060977E4	-1.47385881345575842E-9
1.29899890314080046E4	-2.33612378979309065E-9
1.63534272905670375E4	-3.70270310159973803E-9
2.05877451860230831E4	-5.86858066401681810E-9
2.59184355862274973E4	-9.30128364911962002E-9
3.26293771934520516E4	-1.47417337820129002E-8
4.10779521198538333E4	-2.33642717004230160E-8
5.17140777881480762E4	-3.70300532893194845E-8
6.51041666749999148E4	-5.86888704869786615E-8
8.19612898408403723E4	-9.30157087066348431E-8
1.03183150564061066E5	-1.47419949380513615E-7
1.29899890314080158E5	-2.33644576162805029E-7
1.63534272905670508E5	-3.70300599785564843E-7
2.05877451860231009E5	-5.86883856717780983E-7
2.59184355862275151E5	-9.30140269658485863E-7
3.26293771934520738E5	-1.47415269668040305E-6
4.10779521198538511E5	-2.33632332699434997E-6
5.17140777881481206E5	-3.70269389090661871E-6
6.51041666749999592E5	-5.86804991211347371E-6
8.19612898408404433E5	-9.29941728889859043E-6
1.03183150564061132E6	-1.47365359301698828E-5
1.29899890314080246E6	-2.33506947217430838E-5
1.63534272905670619E6	-3.69954514677473867E-5
2.05877451860231186E6	-5.86014518444722476E-5
2.59184355862275329E6	-9.27958095686236817E-5
3.26293771934521004E6	-1.46867880368693382E-4
4.10779521198538866E6	-2.32260472247649252E-4
5.17140777881481561E6	-3.66835934297400801E-4
6.51041666750000125E6	-5.78230007634843535E-4
7.36100221138723487E6	-7.36169118598321592E-4
8.21559042397077732E6	-9.12816008717308591E-4
1.03428155576296321E7	-1.42730235685474383E-3
1.30208333350000016E7	-2.21508550702124118E-3
1.59532406523062731E7	-3.23403718128519202E-3
1.95312500025000024E7	-4.65730551214505706E-3
2.26370090337557084E7	-6.01393262200404166E-3
2.60416666700000032E7	-7.58872696673504343E-3
3.10754777039685681E7	-1.00041563320009397E-2
3.69701569047137024E7	-1.28434942621393877E-2
4.65426700053616837E7	-1.72216233770573734E-2
5.85937500024999913E7	-2.20683491371250895E-2
7.30824348729629758E7	-2.69109026772200632E-2
9.11458333350000238E7	-3.18336426424643193E-2
1.06501276775076992E8	-3.54187015828412610E-2
1.23697916667500007E8	-3.90869096789150161E-2
1.39920118677191030E8	-4.23921575336874668E-2
1.56250000000000000E8	-4.56781050360140384E-2
1.79803220302327094E8	-5.04703206163684115E-2
2.05078125000000000E8	-5.57828632733696761E-2
2.53906250000000000E8	-6.67169271929515162E-2
3.02734375000000000E8	-7.85879979866605893E-2
3.51562500000000000E8	-9.13452347028110445E-2
3.75976562500000000E8	-9.80201513947643832E-2
4.00390625000000000E8	-1.04861120847619516E-1
4.24804687500000000E8	-1.11833295021917500E-1
4.49218750000000000E8	-1.18890812721689154E-1
4.73632812500000000E8	-1.25976398708846049E-1
4.98046875000000000E8	-1.33022699516680443E-1
5.22460937500000000E8	-1.39955626378062847E-1
5.46875000000000000E8	-1.46699528287217218E-1
5.95703125000000000E8	-1.59347644641883890E-1
6.44531250000000000E8	-1.70560356872323515E-1
6.93359375000000000E8	-1.80213496468488144E-1
7.42187500000000000E8	-1.88441022564474236E-1
7.91015625000000000E8	-1.95514708626166267E-1
8.39843750000000000E8	-2.01721632718526989E-1
8.88671875000000000E8	-2.07293794807726206E-1
9.37500000000000000E8	-2.12389985786278146E-1
9.66796875000000000E8	-2.15261612580307649E-1
9.96093750000000000E8	-2.18011021063773835E-1
1.02539062500000000E9	-2.20648193553987459E-1
1.05468750000000000E9	-2.23181336024920496E-1
1.08398437500000000E9	-2.25618291734059540E-1
1.11328125000000000E9	-2.27967782322669255E-1
1.14257812500000000E9	-2.30240509084374434E-1
1.17187500000000000E9	-2.32450154013864640E-1
1.20117187500000000E9	-2.34614320645083030E-1
1.23046875000000000E9	-2.36755452234230379E-1
1.25976562500000000E9	-2.38901761617675756E-1
1.28906250000000000E9	-2.41088204154473251E-1
1.31835937500000000E9	-2.43357523040313861E-1
1.34765625000000000E9	-2.45761395125115989E-1
1.37695312500000000E9	-2.48361705197286131E-1
1.40625000000000000E9	-2.51231977459910594E-1
1.43554687500000000E9	-2.54458994542440697E-1
1.46484375000000000E9	-2.58144636786283321E-1
1.49414062500000000E9	-2.62407977636506695E-1
1.52343750000000000E9	-2.67387674681577181E-1
1.55273437500000000E9	-2.73244700109861149E-1
1.58203125000000000E9	-2.80165458965624348E-1
1.61132812500000000E9	-2.88365348399178645E-1
1.64062500000000000E9	-2.98092815843519654E-1
1.66992187500000000E9	-3.09633978315091474E-1
1.69921875000000000E9	-3.23317868256883933E-1
1.72851562500000000E9	-3.39522372711827369E-1
1.75781250000000000E9	-3.58680931017034643E-1
1.78710937500000000E9	-3.81290050131287694E-1
1.81640625000000000E9	-4.07917684145077786E-1
1.84570312500000000E9	-4.39212502881501354E-1
1.87500000000000000E9	-4.75914040523069826E-1
1.89453125000000000E9	-5.03796416528009061E-1
1.91406250000000000E9	-5.34730207194391127E-1
1.93359375000000000E9	-5.69016237389715762E-1
1.95312500000000000E9	-6.06980952660711459E-1
1.97265625000000000E9	-6.48978034579308893E-1
1.99218750000000000E9	-6.95389982684253649E-1
2.01171875000000000E9	-7.46629623634208706E-1
2.03125000000000000E9	-8.03141499552890181E-1
2.05078125000000000E9	-8.65403078106277945E-1
2.07031250000000000E9	-9.33925716805214279E-1
2.08984375000000000E9	-1.00925530367620753E0
2.10937500000000000E9	-1.09197248621302645E0
2.12890625000000000E9	-1.18269239095582246E0
2.14843750000000000E9	-1.28206372779974376E0
2.16796875000000000E9	-1.39076716693614855E0
2.18750000000000000E9	-1.50951287290266056E0
2.20703125000000000E9	-1.63903708017222804E0
2.22656250000000000E9	-1.78009759837678860E0
2.24609375000000000E9	-1.93346814247576848E0
2.26562500000000000E9	-2.09993139304877907E0
2.28515625000000000E9	-2.28027070252688357E0
2.30468750000000000E9	-2.47526037152038292E0
2.32421875000000000E9	-2.68565442119382558E0
2.34375000000000000E9	-2.91217377777339514E0
2.36328125000000000E9	-3.15549175880118815E0
2.38281250000000000E9	-3.41621770507223221E0
2.40234375000000000E9	-3.69487854111258285E0
2.42187500000000000E9	-3.99189798759710124E0
2.44140625000000000E9	-4.30757313129195651E0
2.46093750000000000E9	-4.64204815540673810E0
2.48046875000000000E9	-4.99528535324718259E0
2.50000000000000000E9	-5.36703419582046237E0
2.51302083337500060E9	-5.62491774197924155E0
2.52604166674999986E9	-5.89060170918253156E0
2.53906250012500001E9	-6.16381598121104357E0
2.55208333350000016E9	-6.44423026631716578E0
2.56510416687500031E9	-6.73145140772512285E0
2.57812500025000002E9	-7.02502025010733089E0
2.59114583362500017E9	-7.32440698285214786E0
2.60416666700000032E9	-7.62900354864752828E0
2.63020833375000018E9	-8.25092607824866064E0
2.65625000050000049E9	-8.88378142458198639E0
2.68229166725000034E9	-9.51810292569606275E0
2.70833333400000020E9	-1.01412965968251179E1
2.72135416731250013E9	-1.04438652055844283E1
2.73437500062500005E9	-1.07374425082773728E1
2.74739583393749953E9	-1.10196193954182631E1
2.76041666725000034E9	-1.12879099796196636E1
2.77343750056249982E9	-1.15398263113899069E1
2.78645833387499930E9	-1.17729671220705967E1
2.79947916718750012E9	-1.19851163806989347E1
2.81250000050000049E9	-1.21743450923854324E1
2.83854166712499900E9	-1.24783237209683495E1
2.86458333375000018E9	-1.26784305237675943E1
2.89062500037500048E9	-1.27766968961104599E1
2.91666666700000032E9	-1.27829152315508754E1
2.94270833362500017E9	-1.27122509093900882E1
2.96875000024999958E9	-1.25822227947322540E1
2.99479166687500031E9	-1.24100657818203186E1
3.02083333350000016E9	-1.22110121310405106E1
3.04687500012499957E9	-1.19975175654054644E1
3.07291666674999986E9	-1.17791774993321519E1
3.09895833337499971E9	-1.15630293741298829E1
3.12500000000000000E9	-1.13540069035076785E1
3.15104166674999986E9	-1.11652090754761235E1
3.17708333350000016E9	-1.09769425458274528E1
3.20312500024999958E9	-1.07930906864791276E1
3.22916666699999988E9	-1.06163444303618348E1
3.25520833375000018E9	-1.04484823317437625E1
3.28125000050000049E9	-1.02906001755862042E1
3.30729166724999990E9	-1.01432921982836599E1
3.33333333400000020E9	-1.00067906379361227E1
3.35937500062500050E9	-9.88107147971463107E0
3.38541666724999990E9	-9.76593375360818960E0
3.41145833387499930E9	-9.66105862514814895E0
3.43750000050000049E9	-9.56605327410311190E0
3.46354166712499989E9	-9.48048344945364541E0
3.48958333375000018E9	-9.40389765956647850E0
3.51562500037500048E9	-9.33584522720117960E0
3.54166666700000032E9	-9.27588988084399979E0
3.59375000024999958E9	-9.17865741523048939E0
3.64583333350000061E9	-9.10934177832742087E0
3.69791666675000030E9	-9.06580196880781841E0
3.75000000000000000E9	-9.04678234079045573E0
3.80208333337499926E9	-9.05209680071541811E0
3.85416666675000030E9	-9.08288018526614138E0
3.90625000012500001E9	-9.14197335059211547E0
3.95833333350000061E9	-9.23454729151600517E0
4.01041666687500076E9	-9.36915121759601632E0
4.06250000024999913E9	-9.55952966894475331E0
4.11458333362499928E9	-9.82787942693081362E0
4.16666666700000032E9	-1.02108747823667723E1
4.20138888924999954E9	-1.05591445862045075E1
4.23611111149999964E9	-1.10138920249856431E1
4.27083333375000063E9	-1.16161482620219259E1
4.30555555599999984E9	-1.24201999820935072E1
4.32291666712500078E9	-1.29149022835813265E1
4.34027777824999994E9	-1.34735637333550118E1
4.35763888937499910E9	-1.40815343784173042E1
4.37500000050000004E9	-1.46912848603318413E1
4.39236111162500009E9	-1.51951904044627994E1
4.40972222275000014E9	-1.54115678087321539E1
4.42708333387499930E9	-1.51483328868587575E1
4.44444444500000024E9	-1.43578125733543582E1
4.45601851906249991E9	-1.36121471244398684E1
4.46759259312499957E9	-1.27762361991284501E1
4.47916666718750012E9	-1.19170880127250944E1
4.49074074124999978E9	-1.10844383589922169E1
4.50231481531250033E9	-1.03101804998199542E1
4.51388888937499910E9	-9.61182735875440031E0
4.52546296343749965E9	-8.99654200815442628E0
4.53703703750000109E9	-8.46450740503146548E0
4.54861111156249986E9	-8.01147351908592853E0
4.56018518562500041E9	-7.63062118688003554E0
4.57175925968750008E9	-7.31389809836808436E0
4.58333333375000063E9	-7.05294336971316493E0
4.59490740781250118E9	-6.83968937562452339E0
4.60648148187499995E9	-6.66671608576527763E0
4.61805555593750050E9	-6.52742463396277017E0
4.62962963000000105E9	-6.41608740136679678E0
4.65277777812499949E9	-6.25851351793315125E0
4.67592592625000059E9	-6.16365456474399132E0
4.69907407437499991E9	-6.11060423448089551E0
4.72222222249999923E9	-6.08517652651573115E0
4.74537037062499945E9	-6.07777892581145807E0
4.76851851875000055E9	-6.08189631799651487E0
4.79166666687500076E9	-6.09305837819854546E0
4.81481481500000008E9	-6.10815123182979480E0
4.86111111125000050E9	-6.14188305940356205E0
4.90740740750000093E9	-6.17150822193646675E0
4.95370370375000046E9	-6.19023265272436785E0
5.00000000000000000E9	-6.19365411271730526E0
5.06944444450000020E9	-6.16402623625650747E0
5.13888888899999952E9	-6.08896130739821739E0
5.20833333349999972E9	-5.97003306684694390E0
5.27777777800000081E9	-5.81466560542660194E0
5.33564814849999980E9	-5.66557217240959865E0
5.39351851899999879E9	-5.50660111380589257E0
5.45138888950000045E9	-5.34488020909538708E0
5.50925926000000032E9	-5.18649587901950060E0
5.55748456862499829E9	-5.06052401433632504E0
5.60570987724999981E9	-4.94222608895943960E0
5.65393518587500044E9	-4.83307018179549530E0
5.70216049450000106E9	-4.73406048766589560E0
5.75038580312500081E9	-4.64584509507385146E0
5.79861111174999877E9	-4.56881357032453383E0
5.84683642037500029E9	-4.50317795517311747E0
5.89506172900000003E9	-4.44903579106155256E0
5.94328703762500155E9	-4.40641656299441209E0
5.99151234624999951E9	-4.37531416791691541E0
6.03973765487500014E9	-4.35570826956355983E0
6.08796296349999988E9	-4.34757715726058347E0
6.13618827212500051E9	-4.35090426885247972E0
6.18441358075000025E9	-4.36568002950942713E0
6.23263888937499910E9	-4.39190017590073012E0
6.28086419800000062E9	-4.42956130595578923E0
6.32908950662499947E9	-4.47865401793558249E0
6.37731481524999921E9	-4.53915366576429591E0
6.42554012387500073E9	-4.61100844294811996E0
6.47376543249999958E9	-4.69412419765682110E0
6.52199074112499932E9	-4.78834506318563413E0
6.57021604974999995E9	-4.89342865538088478E0
6.61844135837499969E9	-5.00901425013199653E0
6.66666666700000121E9	-5.13458204290744202E0
6.70138888912499908E9	-5.23077173081329327E0
6.73611111124999962E9	-5.33140530414971359E0
6.77083333337500015E9	-5.43603621249756497E0
6.80555555549999980E9	-5.54411209684736672E0
6.84027777762500033E9	-5.65495571174901901E0
6.87499999974999998E9	-5.76774422371409834E0
6.90972222187500051E9	-5.88148765896070813E0
6.94444444400000105E9	-5.99500782596100645E0
6.97916666624999937E9	-6.10691976667688152E0
7.01388888850000036E9	-6.21561868130025097E0
7.04861111075000046E9	-6.31927627250974044E0
7.08333333299999879E9	-6.41585139574159502E0
7.11805555524999978E9	-6.50201984002939604E0
7.15277777750000165E9	-6.57550325079377274E0
7.18749999974999998E9	-6.63350031087282765E0
7.22222222199999919E9	-6.67318166315130412E0
7.25694444425000018E9	-6.69183288959992684E0
7.29166666649999939E9	-6.68703083008090093E0
7.32638888875000038E9	-6.65684447410988778E0
7.36111111099999960E9	-6.60004603024446190E0
7.37847222212499965E9	-6.56152631851227497E0
7.39583333325000147E9	-6.51631398364252945E0
7.41319444437499886E9	-6.46453945271716623E0
7.43055555549999980E9	-6.40640970822639044E0
7.44791666662499985E9	-6.34221143412321098E0
7.46527777775000079E9	-6.27231340985111263E0
7.48263888887500173E9	-6.19716820191448647E0
7.50000000000000000E9	-6.11731323679375638E0
7.51627604168750008E9	-6.03872449046624382E0
7.53255208337500015E9	-5.95712451703175905E0
7.54882812506250112E9	-5.87316092079287166E0
7.56510416674999853E9	-5.78754719059510681E0
7.58138020843749949E9	-5.70106245161814407E0
7.59765625012499868E9	-5.61455116436859925E0
7.61393229181249875E9	-5.52892274943651785E0
7.63020833350000061E9	-5.44515107130000153E0
7.64648437518749979E9	-5.36427366371876690E0
7.66276041687499987E9	-5.28739052565481504E0
7.67903645856250172E9	-5.21566226368839114E0
7.69531250025000002E9	-5.15030730910304513E0
7.71158854193750010E9	-5.09259790088127140E0
7.72786458362499928E9	-5.04385450657999534E0
7.74414062531249936E9	-5.00543835906339751E0
7.76041666700000121E9	-4.97874182616183525E0
7.77398003506250213E9	-4.96646527447727415E0
7.78754340312499949E9	-4.96412751216521020E0
7.80110677118749862E9	-4.97254421233880439E0
7.81467013924999954E9	-4.99251926508358235E0
7.82823350731250134E9	-5.02483677639895454E0
7.84179687537500048E9	-5.07025266092816196E0
7.85536024343750050E9	-5.12948606590012535E0
7.86892361149999964E9	-5.20321090832113597E0
7.88248697956250055E9	-5.29204783862422623E0
7.89605034762500146E9	-5.39655695656133272E0
7.90961371568750060E9	-5.51723159506189198E0
7.92317708375000063E9	-5.65449345285301774E0
7.93674045181249976E9	-5.80868929694849534E0
7.95030381987499801E9	-5.98008937432431420E0
7.96386718793750070E9	-6.16888757321612324E0
7.97743055599999895E9	-6.37520326526221037E0
7.99099392406249898E9	-6.59908464772802628E0
8.00455729212499811E9	-6.84051329751757553E0
8.01812066018749903E9	-7.09940955137211382E0
8.03168402824999994E9	-7.37563824298370196E0
8.04524739631250085E9	-7.66901425815762217E0
8.05881076437499999E9	-7.97930731100179624E0
8.07237413243750090E9	-8.30624529188721716E0
8.08593750049999827E9	-8.64951548383831970E0
8.09950086856249918E9	-9.00876287888110738E0
8.11306423662500187E9	-9.38358474017593736E0
8.12662760468750101E9	-9.77352044106334716E0
8.14019097274999837E9	-1.01780354630893966E1
8.15375434081250106E9	-1.05964982524318208E1
8.16731770887500019E9	-1.10281484298023025E1
8.18088107693749933E9	-1.14720546539265333E1
8.19444444499999847E9	-1.19270603160929434E1
8.22157118109375062E9	-1.28641925364332965E1
8.24869791718750101E9	-1.38228134650618184E1
8.27582465328125139E9	-1.47767248633269221E1
8.30295138937499999E9	-1.56867592709721237E1
8.33007812546875037E9	-1.64993461622698234E1
8.35720486156249898E9	-1.71514231059861122E1
8.38433159765624936E9	-1.75854803408072446E1
8.41145833375000151E9	-1.77711476762279008E1
8.46571180593750050E9	-1.74757001723042227E1
8.51996527812499771E9	-1.66546160033076807E1
8.57421875031250025E9	-1.56993453798911542E1
8.62847222250000101E9	-1.48029723033938687E1
8.68272569468750000E9	-1.40276338485687990E1
8.73697916687500076E9	-1.33811526632595679E1
8.79123263906249974E9	-1.28534942237821515E1
8.84548611125000050E9	-1.24305587791954175E1
8.89973958343749771E9	-1.20988143803198023E1
8.95399305562500025E9	-1.18465788852377152E1
9.00824652781249924E9	-1.16641442312579979E1
9.06250000000000000E9	-1.15435407356801201E1
9.11132812500000000E9	-1.14824292980940035E1
9.16015625000000000E9	-1.14621028358593202E1
9.20898437500000000E9	-1.14791610450804860E1
9.25781250000000000E9	-1.15306495115510343E1
9.30664062500000000E9	-1.16139363666404893E1
9.35546875000000000E9	-1.17265908227271010E1
9.40429687500000000E9	-1.18662438806062798E1
9.45312500000000000E9	-1.20303922224662529E1
9.55078125000000000E9	-1.24191689165433439E1
9.64843750000000000E9	-1.28464635457015675E1
9.74609375000000000E9	-1.31645160271618167E1
9.84375000000000000E9	-1.29394728128262271E1
9.86816406250000000E9	-1.27262429452616277E1
9.89257812500000000E9	-1.24457768878707831E1
9.91699218750000000E9	-1.21107849151555036E1
9.94140625000000000E9	-1.17430742524516352E1
9.95361328125000000E9	-1.15553391719732224E1
9.96582031250000000E9	-1.13696507675012159E1
9.97802734375000000E9	-1.11892502243214009E1
9.99023437500000000E9	-1.10169908144828588E1
1.00024414062500000E10	-1.08552133912228133E1
1.00146484375000000E10	-1.07056687556202168E1
1.00268554687500000E10	-1.05694887153241268E1
1.00390625000000000E10	-1.04472020057682324E1
1.00512695312500000E10	-1.03387869764883567E1
1.00634765625000000E10	-1.02437504802197155E1
1.00756835937500000E10	-1.01612217712211828E1
1.00878906250000000E10	-1.00900511223312717E1
1.01000976562500000E10	-1.00289048057461350E1
1.01123046875000000E10	-9.97635049722956602E0
1.01245117187500000E10	-9.93092957956396916E0
1.01367187500000000E10	-9.89121490867180242E0
1.01611328125000000E10	-9.82360024274034416E0
1.01855468750000000E10	-9.76405319681219730E0
1.02099609375000000E10	-9.70519918023568984E0
1.02343750000000000E10	-9.64175818291481868E0
1.02587890625000000E10	-9.57030414478884950E0
1.02832031250000000E10	-9.48892054514069727E0
1.03076171875000000E10	-9.39684460215120687E0
1.03320312500000000E10	-9.29414779036002869E0
1.03564453125000000E10	-9.18147172224519537E0
1.03808593750000000E10	-9.05982204006882874E0
1.04052734375000000E10	-8.93041474712624961E0
1.04296875000000000E10	-8.79456616426440263E0
1.04785156250000000E10	-8.50888362325654590E0
1.05273437500000000E10	-8.21302721396668289E0
1.05761718750000000E10	-7.91614473811808850E0
1.06250000000000000E10	-7.62606202100448360E0
1.06640625000000000E10	-7.40334019844370417E0
1.07031250000000000E10	-7.19203067410175922E0
1.07421875000000000E10	-6.99456990653494781E0
1.07812500000000000E10	-6.81303904335871735E0
1.08203125000000000E10	-6.64920337501207648E0
1.08593750000000000E10	-6.50454387425373781E0
1.08984375000000000E10	-6.38028217167669975E0
1.09375000000000000E10	-6.27740082171686620E0
1.09765625000000000E10	-6.19666080144179787E0
1.10156250000000000E10	-6.13861802111284582E0
1.10546875000000000E10	-6.10364031072944258E0
1.10937500000000000E10	-6.09192594892110151E0
1.11328125000000000E10	-6.10352437401490988E0
1.11718750000000000E10	-6.13835930836297017E0
1.12109375000000000E10	-6.19625417472238205E0
1.12500000000000000E10	-6.27695941595583307E0
1.12847222218749987E10	-6.36760977195538924E0
1.13194444437500019E10	-6.47583377221239864E0
1.13541666656249984E10	-6.60142112099899236E0
1.13888888874999994E10	-6.74418485111871746E0
1.14236111093749981E10	-6.90397724753383812E0
1.14583333312499991E10	-7.08070535628703279E0
1.14930555531250000E10	-7.27434605630025821E0
1.15277777750000010E10	-7.48496074254895394E0
1.15624999968749997E10	-7.71270973569648444E0
1.15972222187500007E10	-7.95786659449478329E0
1.16319444406249994E10	-8.22083256431480436E0
1.16666666624999982E10	-8.50215145164858477E0
1.17013888843749969E10	-8.80252527660229056E0
1.17361111062500001E10	-9.12283113288769343E0
1.17708333281249988E10	-9.46413979167977715E0
1.18055555500000020E10	-9.82773674230048222E0
1.18749999950000040E10	-1.06281621732906051E1
1.19444444400000016E10	-1.15397449338480063E1
1.20138888849999992E10	-1.25838034760697282E1
1.20833333300000012E10	-1.37896055176982490E1
1.21354166637500005E10	-1.48243918791364138E1
1.21874999974999998E10	-1.59976399992387353E1
1.22395833312499991E10	-1.73442445259086853E1
1.22916666649999984E10	-1.89169967441427223E1
1.23437499987499999E10	-2.08023482170602536E1
1.23958333324999992E10	-2.31573441445986461E1
1.24479166662500007E10	-2.63134306360432912E1
1.25000000000000000E10	-3.11759400118955643E1
1.25781250000000000E10	-4.62347372689345892E1
1.26562500000000000E10	-2.92394931794584645E1
1.27343750000000000E10	-2.35171714858515157E1
1.28125000000000000E10	-1.98474693881006137E1
1.28515625000000000E10	-1.83495485068057462E1
1.28906250000000000E10	-1.69859714590570876E1
1.29296875000000000E10	-1.57200994752337886E1
1.29687500000000000E10	-1.45287798424240733E1
1.30078125000000000E10	-1.33984666905850602E1
1.30468750000000000E10	-1.23234607190657219E1
1.30859375000000000E10	-1.13053418899896374E1
1.31250000000000000E10	-1.03529881465158380E1
1.31445312500000000E10	-9.90624593523647157E0
1.31640625000000000E10	-9.48252611572183213E0
1.31835937500000000E10	-9.08481513199379265E0
1.32031250000000000E10	-8.71632469298754309E0
1.32226562500000000E10	-8.38033801582700022E0
1.32421875000000000E10	-8.08001504997940856E0
1.32617187500000000E10	-7.81816806026027855E0
1.32812500000000000E10	-7.59702857377993812E0
1.33007812500000000E10	-7.41803435401227151E0
1.33203125000000000E10	-7.28166758606329623E0
1.33398437500000000E10	-7.18737063913707086E0
1.33593750000000000E10	-7.13355376520731532E0
1.33789062500000000E10	-7.11769285940656804E0
1.33984375000000000E10	-7.13649971931620719E0
1.34179687500000000E10	-7.18613662851063406E0
1.34375000000000000E10	-7.26244393830846136E0
1.34765625000000000E10	-7.47806659845203647E0
1.35156250000000000E10	-7.75084248940479537E0
1.35546875000000000E10	-8.05272002998147229E0
1.35937500000000000E10	-8.36141603769892683E0
1.36328125000000000E10	-8.66018824662156561E0
1.36718750000000000E10	-8.93695393705178276E0
1.37109375000000000E10	-9.18330067751355195E0
1.37500000000000000E10	-9.39363401081588911E0
1.38020833324999992E10	-9.61238044746153797E0
1.38541666649999984E10	-9.75758171503916927E0
1.39062499974999976E10	-9.82960121501694140E0
1.39583333299999990E10	-9.83178511832997870E0
1.40125868025000000E10	-9.76578131979831987E0
1.40668402749999988E10	-9.63797449041351584E0
1.41210937474999976E10	-9.45733618661218500E0
1.41753472199999964E10	-9.23322481397984873E0
1.42296006925000040E10	-8.97489834238357531E0
1.42838541649999984E10	-8.69116198610188917E0
1.43381076375000016E10	-8.39012682568926493E0
1.43923611100000004E10	-8.07904231483849955E0
1.45008680550000024E10	-7.45061146843098854E0
1.46093750000000000E10	-6.84131379430304865E0
1.47178819449999976E10	-6.26211870381758384E0
1.48263888899999996E10	-5.68968651891444210E0
1.48697916675000008E10	-5.44820695491079476E0
1.49131944449999976E10	-5.18877164188790907E0
1.49565972224999988E10	-4.90058768897803709E0
1.50000000000000000E10	-4.56895659830447354E0


