freq	dB(S11_discrete)
0.00000000000000000E0	-3.47157887959183897E-14
4.76190476300000043E8	-3.04440893934355827E-2
1.42857142900000023E9	-3.32419762690967024E0
1.66666666700000010E9	-2.93982039925075123E1
1.90476190500000020E9	-6.46741154207071389E0
2.14285714300000008E9	-3.42621831590939108E0
2.50000000000000000E9	-2.11055940858658708E0
3.39285714299999963E9	-5.15714510781109325E-1
4.28571428600000015E9	-3.87497136955927202E-1
4.64285714299999874E9	-1.63058079429633551E0
5.23809523799999965E9	-1.47458822857372085E1
5.83333333400000065E9	-4.24339981596835081E0
6.42857142899999978E9	-2.99838462642315928E0
6.90476190499999909E9	-2.51074494854502950E0
7.38095238100000017E9	-2.38402684127303255E0
7.85714285700000126E9	-3.23983720936314157E0
8.57142857100000022E9	-7.11253824101686138E0
9.10714285499999932E9	-5.96339177044652224E0
9.64285714000000027E9	-4.96992999665237445E0
1.01785714300000008E10	-4.71345231747088622E0
1.07142857099999977E10	-3.78344354740901245E0
1.10714285699999992E10	-4.08427047034955937E0
1.14285714300000008E10	-4.98378352096574240E0
1.17857142799999970E10	-5.12906778233508920E0
1.23214285699999992E10	-5.33765501192368230E0
1.24107142799999970E10	-5.42791043677121010E0
1.28571428599999993E10	-6.59264798975535715E0
1.30952380999999995E10	-8.09767377578337921E0
1.33333333299999990E10	-1.06701655322318478E1
1.35714285699999992E10	-1.30892550200342050E1
1.38095238099999973E10	-4.25496755027369566E0
1.40476190499999976E10	5.14530763124832458E0
1.42857142900000023E10	5.24613227993342335E0
1.44642857200000008E10	7.25158956346357009E0
1.45535714300000008E10	9.64397819966649728E0
1.45982142799999992E10	1.13120549365003509E1
1.46428571400000007E10	1.30040413040415892E1
1.46651785699999992E10	1.35236335885168835E1
1.46875000000000000E10	1.35271069173030178E1
1.47098214300000008E10	1.29086462018740233E1
1.47321428599999993E10	1.17948954819276497E1
1.47767857200000008E10	8.97900330954435155E0
1.48214285699999992E10	6.23137796117667264E0
1.50000000000000000E10	-1.53196271666285222E0


freq	dB(S11_fitted)
0.00000000000000000E0	-3.47157887959183897E-14
9.43388805253354334E0	-4.24304085283447385E-14
9.43388805253354334E1	-4.62877183945578974E-14
9.43388805253354334E2	-2.80619292767010986E-13
9.43388805253354334E3	-2.44032708686317612E-11
1.18765614013558674E4	-3.86502448595417469E-11
1.49517049529006463E4	-6.12367227812826798E-11
1.88230813148553411E4	-9.70267723752674804E-11
2.36968553955393535E4	-1.53762014543282577E-10
2.98325734370562135E4	-2.43672050216901814E-10
3.75569847991257344E4	-3.86169755627181033E-10
4.72814425539866523E4	-6.12010426669604790E-10
5.95238095374998988E4	-9.69944674100116622E-10
7.49360364335546514E4	-1.53723248591369188E-9
9.43388805253355045E4	-2.43632898552510468E-9
1.18765614013558762E5	-3.86129832547307883E-9
1.49517049529006596E5	-6.11971564466726470E-9
1.88230813148553500E5	-9.69908030143754019E-9
2.36968553955393713E5	-1.53719844637833281E-8
2.98325734370562357E5	-2.43629224772370323E-8
3.75569847991257566E5	-3.86125918150216663E-8
4.72814425539866701E5	-6.11967757313469995E-8
5.95238095374999254E5	-9.69902374415167934E-8
7.49360364335546869E5	-1.53718909500062795E-7
9.43388805253355578E5	-2.43627451556211039E-7
1.18765614013558807E6	-3.86121999132844840E-7
1.49517049529006663E6	-6.11958427560416496E-7
1.88230813148553611E6	-9.69879478905687620E-7
2.36968553955393801E6	-1.53713215526148339E-6
2.98325734370562490E6	-2.43613197334108467E-6
3.75569847991257699E6	-3.86086254774736748E-6
4.72814425539866878E6	-6.11868700968324486E-6
5.95238095374999610E6	-9.69654185884582809E-6
7.49360364335547313E6	-1.53656640917223974E-5
9.43388805253356111E6	-2.43471139023022332E-5
1.18765614013558896E7	-3.85729605203649317E-5
1.49517049529006796E7	-6.10973559042949965E-5
1.88230813148553722E7	-9.67408535444895534E-5
2.36968553955393935E7	-1.53093687081693797E-4
2.98325734370562623E7	-2.42061532148654646E-4
3.75569847991257921E7	-3.82206497455357619E-4
4.72814425539867322E7	-6.02193447805798598E-4
5.95238095375000054E7	-9.45625859599948093E-4
6.73005916538336457E7	-1.20055180177706866E-3
7.51139695982515843E7	-1.48402553975797735E-3
9.45628851079734645E7	-2.30007567215144970E-3
1.19047619075000011E8	-3.52370708999925331E-3
1.45858200264534865E8	-5.06464685466005271E-3
1.78571428612500038E8	-7.15048092674025337E-3
2.06966939758305601E8	-9.08221216613247329E-3
2.38095238150000021E8	-1.12783884715813887E-2
2.97619047687500027E8	-1.56093051907332780E-2
3.57142857225000077E8	-2.01107504967345374E-2
4.16666666762500082E8	-2.49511525941165635E-2
4.76190476300000043E8	-3.04440893937500912E-2
5.35714285843750027E8	-3.70288410439757465E-2
5.95238095387500010E8	-4.52859641691316028E-2
6.54761904931249994E8	-5.59835463399905731E-2
7.14285714474999889E8	-7.01556687095610343E-2
7.73809524018749784E8	-8.92227677713664136E-2
8.33333333562499945E8	-1.15173814435905908E-1
8.92857143106250106E8	-1.50845045402265288E-1
9.52380952649999912E8	-2.00353922558837905E-1
9.82142857421874993E8	-2.32096321000195438E-1
1.01190476219375003E9	-2.69787693874434398E-1
1.04166666696562471E9	-3.14678348045895939E-1
1.07142857173749984E9	-3.68316577359845887E-1
1.10119047650937496E9	-4.32629047770614683E-1
1.13095238128124986E9	-5.10024895417438628E-1
1.16071428605312521E9	-6.03530838792375324E-1
1.19047619082499989E9	-7.16966772926228568E-1
1.20535714321093756E9	-7.82623938010328590E-1
1.22023809559687524E9	-8.55174003352700396E-1
1.23511904798281269E9	-9.35430278316077413E-1
1.25000000036875036E9	-1.02431154786656409E0
1.26488095275468759E9	-1.12285646112494986E0
1.27976190514062482E9	-1.23223986758490356E0
1.29464285752656250E9	-1.35379135241303650E0
1.30952380991249973E9	-1.48901626187317992E0
1.32440476229843740E9	-1.63961956598517977E0
1.33928571468437485E9	-1.80753298927677641E0
1.35416666707031252E9	-1.99494597019805031E0
1.36904761945625020E9	-2.20434121460261068E0
1.38392857184218743E9	-2.43853593445131311E0
1.39880952422812532E9	-2.70073038067712901E0
1.41369047661406255E9	-2.99456609877449553E0
1.42857142900000023E9	-3.32419762691030929E0
1.44345238137499954E9	-3.69438338394413801E0
1.45833333374999996E9	-4.11060468294873260E0
1.47321428612500016E9	-4.57922683958012300E0
1.48809523850000014E9	-5.10772442059596266E0
1.50297619087500012E9	-5.70500588993725799E0
1.51785714325000010E9	-6.38189523783553092E0
1.53273809562500007E9	-7.15186746315756139E0
1.54761904800000005E9	-8.03220744172426571E0
1.56250000037500003E9	-9.04590431297647513E0
1.57738095275000001E9	-1.02248936309288352E1
1.59226190512499999E9	-1.16159465635197989E1
1.60714285749999997E9	-1.32922523064644471E1
1.62202380987500017E9	-1.53788363085772284E1
1.63690476224999992E9	-1.81179741436467800E1
1.65178571462500012E9	-2.20864721820720744E1
1.66666666700000010E9	-2.93982039925500382E1
1.68154761937500052E9	-4.00329705711381667E1
1.69642857175000006E9	-2.56200795694861583E1
1.71130952412500004E9	-2.05940871260872171E1
1.72619047650000046E9	-1.75328943256400049E1
1.74107142887499999E9	-1.53586973659521320E1
1.75595238124999975E9	-1.36939519578847002E1
1.77083333362499995E9	-1.23610812416767524E1
1.78571428599999993E9	-1.12619341025017050E1
1.80059523837499968E9	-1.03363181598071652E1
1.81547619074999989E9	-9.54452463561042386E0
1.83035714312499986E9	-8.85890167043540266E0
1.84523809550000029E9	-8.25937610028875646E0
1.86011904787499982E9	-7.73089071719848953E0
1.87500000025000024E9	-7.26184916525347468E0
1.88988095262499955E9	-6.84312609890096102E0
1.90476190500000020E9	-6.46741154206851476E0
1.93452380975000016E9	-5.82228221591804029E0
1.96428571450000011E9	-5.29018913466580365E0
1.99404761925000029E9	-4.84561670347049844E0
2.02380952399999980E9	-4.47003709267127824E0
2.05357142875000065E9	-4.14965753215277378E0
2.08333333350000016E9	-3.87400036940547432E0
2.11309523824999967E9	-3.63496990199660441E0
2.14285714300000008E9	-3.42621831590883330E0
2.18750000012500001E9	-3.15911035408403817E0
2.23214285724999995E9	-2.93592633274615222E0
2.27678571437499988E9	-2.74701132891816124E0
2.32142857149999937E9	-2.58507734311486193E0
2.36607142862499975E9	-2.44449902469726688E0
2.41071428574999924E9	-2.32083695862981809E0
2.45535714287499962E9	-2.21050874983350409E0
2.50000000000000000E9	-2.11055940858567581E0
2.61160714287499962E9	-1.89062900760840424E0
2.72321428574999924E9	-1.69067271130141417E0
2.83482142862500064E9	-1.49051267136969923E0
2.94642857149999937E9	-1.28070484832948606E0
3.05803571437499944E9	-1.06438040991152660E0
3.16964285724999950E9	-8.55023223976425584E-1
3.28125000012500001E9	-6.68651897032394693E-1
3.39285714299999963E9	-5.15714510780716395E-1
3.44866071443750011E9	-4.52763604911758666E-1
3.50446428587500014E9	-3.98497660314715851E-1
3.56026785731250062E9	-3.52368395393744605E-1
3.61607142874999976E9	-3.13739852342263470E-1
3.67187500018750024E9	-2.81990417155255457E-1
3.72767857162500027E9	-2.56588371211365107E-1
3.78348214306250075E9	-2.37145577564409971E-1
3.83928571450000078E9	-2.23456509018802096E-1
3.89508928593750037E9	-2.15530261418297719E-1
3.95089285737500040E9	-2.13622718252877686E-1
4.00669642881250088E9	-2.18275483826544692E-1
4.06250000024999913E9	-2.30368061924672318E-1
4.11830357168750005E9	-2.51190279290655649E-1
4.17410714312500097E9	-2.82543288334212939E-1
4.22991071456250012E9	-3.26879752667781442E-1
4.28571428600000015E9	-3.87497136955577348E-1
4.33035714312500097E9	-4.50628932380615943E-1
4.37500000025000002E9	-5.29885883839701055E-1
4.41964285737499996E9	-6.28933178836483897E-1
4.46428571449999989E9	-7.52381746753864267E-1
4.50892857162499983E9	-9.06029257052995085E-1
4.55357142874999976E9	-1.09715602621219199E0
4.59821428587499970E9	-1.33488121275517790E0
4.64285714299999874E9	-1.63058079429551528E0
4.66145833346875094E9	-1.77414684334932282E0
4.68005952393750047E9	-1.93136759351137322E0
4.69866071440624999E9	-2.10352717563126168E0
4.71726190487500041E9	-2.29202176786170186E0
4.73586309534374994E9	-2.49836689848621152E0
4.75446428581249947E9	-2.72420497161549635E0
4.77306547628125077E9	-2.97131309338971583E0
4.79166666675000119E9	-3.24161132232310756E0
4.81026785721874894E9	-3.53717150923388335E0
4.82886904768750025E9	-3.86022690810234792E0
4.84747023815624978E9	-4.21318268736816570E0
4.86607142862500019E9	-4.59862727475016175E0
4.88467261909375061E9	-5.01934398925873460E0
4.90327380956250014E9	-5.47832140370156395E0
4.92187500003124878E9	-5.97875889336298005E0
4.94047619050000009E9	-6.52406005123046384E0
4.95907738096875050E9	-7.11779960159111980E0
4.97767857143750092E9	-7.76363638291468572E0
4.99627976190624956E9	-8.46512085988405971E0
5.01488095237499998E9	-9.22530137455740906E0
5.03348214284375040E9	-1.00459534364274994E1
5.05208333331249992E9	-1.09261179030438171E1
5.07068452378125034E9	-1.18594176982429533E1
5.08928571425000076E9	-1.28293747424951587E1
5.10788690471874940E9	-1.38019998614965078E1
5.12648809518749982E9	-1.47164212317042531E1
5.14508928565624934E9	-1.54795159019871842E1
5.16369047612499976E9	-1.59791755244866818E1
5.18229166659375018E9	-1.61284270024611986E1
5.20089285706250060E9	-1.59174449299047072E1
5.21949404753125012E9	-1.54198768647928230E1
5.23809523799999965E9	-1.47458822857419491E1
5.27529761900000072E9	-1.32272411342401019E1
5.31250000000000000E9	-1.17875282877288301E1
5.34970238099999928E9	-1.05411167310743115E1
5.38690476200000035E9	-9.48887439509070418E0
5.42410714299999874E9	-8.60370873951919535E0
5.46130952399999892E9	-7.85627116254643187E0
5.49851190499999909E9	-7.22126368957420084E0
5.53571428599999926E9	-6.67821408079545975E0
5.57291666700000032E9	-6.21085571164316175E0
5.61011904799999961E9	-5.80629368420908154E0
5.64732142899999978E9	-5.45426591790738513E0
5.68452380999999995E9	-5.14655381745577145E0
5.72172619100000013E9	-4.87652829555024514E0
5.75892857200000030E9	-4.63880337490433359E0
5.79613095299999959E9	-4.42897149225174491E0
5.83333333400000065E9	-4.24339981596790405E0
5.90773809587499965E9	-3.93346275254344180E0
5.98214285775000043E9	-3.69017800602908608E0
6.05654761962500032E9	-3.49980200545551234E0
6.13095238150000021E9	-3.35159580502194787E0
6.20535714337500099E9	-3.23629312066531627E0
6.27976190525000000E9	-3.14499349208639645E0
6.35416666712499900E9	-3.06863862488252481E0
6.42857142899999978E9	-2.99838462642326942E0
6.54761904799999872E9	-2.88171997773903144E0
6.66666666700000121E9	-2.75228981431503872E0
6.78571428599999926E9	-2.62220481778239689E0
6.90476190499999909E9	-2.51074494854571162E0
7.02380952399999892E9	-2.41537129875745293E0
7.14285714299999874E9	-2.35839064687838063E0
7.26190476200000035E9	-2.34565666671147799E0
7.38095238100000017E9	-2.38402684127300102E0
7.44047619050000186E9	-2.42486985022458779E0
7.50000000000000000E9	-2.48168024595032000E0
7.55952380949999814E9	-2.55575192864713641E0
7.61904761899999983E9	-2.64851163308487170E0
7.67857142849999974E9	-2.76152767096434015E0
7.73809523799999965E9	-2.89651110153539237E0
7.79761904749999957E9	-3.05530291007313393E0
7.85714285700000126E9	-3.23983720936311848E0
7.94642857125000113E9	-3.56914703450139559E0
8.03571428550000100E9	-3.96657804900178235E0
8.12499999974999909E9	-4.43520361785451289E0
8.21428571400000251E9	-4.97144766711153441E0
8.25892857112500067E9	-5.26046423860114576E0
8.30357142825000061E9	-5.55866483385210142E0
8.34821428537500054E9	-5.86051406579775591E0
8.39285714250000048E9	-6.15864336870041207E0
8.43749999962500041E9	-6.44384999673681946E0
8.48214285675000035E9	-6.70542809102502435E0
8.52678571387500028E9	-6.93195231061606965E0
8.57142857100000022E9	-7.11253824101682230E0
8.63839285649999944E9	-7.27906491213272222E0
8.70535714200000044E9	-7.31013497335567664E0
8.77232142749999966E9	-7.21566917598320234E0
8.83928571299999888E9	-7.02438579089057136E0
8.90624999849999988E9	-6.77305243141589131E0
8.97321428399999910E9	-6.49620463104400869E0
9.04017856950000187E9	-6.22046885062205401E0
9.10714285499999932E9	-5.96339177044649205E0
9.24107142625000044E9	-5.53886829511456646E0
9.37499999749999979E9	-5.24496831595603297E0
9.50892856874999914E9	-5.06496239799465187E0
9.64285714000000027E9	-4.96992999665234514E0
9.77678571250000061E9	-4.92733928514911135E0
9.91071428500000096E9	-4.90061746068032011E0
1.00446428574999991E10	-4.84571191950959079E0
1.01785714300000008E10	-4.71345231747086402E0
1.02455357150000004E10	-4.60832593559249748E0
1.03125000000000000E10	-4.48283910758903748E0
1.03794642849999996E10	-4.35414903245866292E0
1.04464285699999992E10	-4.23831465289198395E0
1.05133928549999989E10	-4.12375078664808914E0
1.05803571400000007E10	-3.99566979132972167E0
1.06473214250000003E10	-3.87317345747254826E0
1.07142857099999977E10	-3.78344354740900890E0
1.08035714250000003E10	-3.73782486357359156E0
1.08928571400000007E10	-3.77973538211282722E0
1.09821428549999989E10	-3.89952664784583902E0
1.10714285699999992E10	-4.08427047034956558E0
1.11607142849999996E10	-4.31806991148276786E0
1.12500000000000000E10	-4.57432466588842157E0
1.13392857150000004E10	-4.81061390318516047E0
1.14285714300000008E10	-4.98378352096574062E0
1.15178571425000031E10	-5.07926244164357144E0
1.16071428549999989E10	-5.11656494403650619E0
1.16964285674999968E10	-5.12589092135505542E0
1.17857142799999970E10	-5.12906778233508920E0
1.19196428525000031E10	-5.14397162386730944E0
1.20535714250000003E10	-5.18022190655926273E0
1.21874999974999998E10	-5.24209753049089855E0
1.23214285699999992E10	-5.33765501192368852E0
1.23437499974999998E10	-5.35787582881757807E0
1.23660714250000003E10	-5.37957896793545132E0
1.23883928525000031E10	-5.40288140519511817E0
1.24107142799999970E10	-5.42791043677122964E0
1.24665178525000031E10	-5.49897050990846914E0
1.25223214250000003E10	-5.58418677123379936E0
1.25781249974999998E10	-5.68650542870270925E0
1.26339285699999992E10	-5.80937548692518479E0
1.26897321425000031E10	-5.95675888348082694E0
1.27455357150000004E10	-6.13311270018716659E0
1.28013392874999998E10	-6.34333262596467140E0
1.28571428599999993E10	-6.59264798975538646E0
1.29166666700000010E10	-6.89090718028698390E0
1.29761904800000005E10	-7.23708647553889062E0
1.30357142900000023E10	-7.63716491313256718E0
1.30952380999999995E10	-8.09767377578350001E0
1.31547619074999989E10	-8.62554868622150295E0
1.32142857149999982E10	-9.22763595504792811E0
1.32738095224999997E10	-9.90925271303950517E0
1.33333333299999990E10	-1.06701655322318900E1
1.33630952349999976E10	-1.10763519730442339E1
1.33928571400000007E10	-1.14936158379703768E1
1.34226190449999949E10	-1.19126561472248071E1
1.34523809500000024E10	-1.23177066895832521E1
1.34821428550000011E10	-1.26833581534603512E1
1.35119047599999975E10	-1.29711241380253273E1
1.35416666649999984E10	-1.31277515317922022E1
1.35714285699999992E10	-1.30892550200337654E1
1.35863095224999997E10	-1.29770873186495983E1
1.36011904750000001E10	-1.27946418647374860E1
1.36160714275000005E10	-1.25382661806695395E1
1.36309523800000010E10	-1.22069488994798592E1
1.36458333324999992E10	-1.18023982754506651E1
1.36607142850000018E10	-1.13287488000679426E1
1.36755952375000023E10	-1.07919798005156475E1
1.36904761900000027E10	-1.01991963967218324E1
1.37053571425000031E10	-9.55792977769315577E0
1.37202380949999991E10	-8.87557142574443780E0
1.37351190475000018E10	-8.15899472399890691E0
1.37500000000000000E10	-7.41436470415790261E0
1.37648809524999982E10	-6.64710542431107676E0
1.37797619050000009E10	-5.86198403230983089E0
1.37946428574999969E10	-5.06327380067910049E0
1.38095238099999973E10	-4.25496755027377027E0
1.38169642862499975E10	-3.84844676694161292E0
1.38244047624999977E10	-3.44102228446231795E0
1.38318452387500002E10	-3.03322632306156059E0
1.38392857149999982E10	-2.62562225172527919E0
1.38467261912499984E10	-2.21881301124397723E0
1.38541666675000008E10	-1.81344927523433563E0
1.38616071437500010E10	-1.41023712734563000E0
1.38690476199999990E10	-1.00994496506088360E0
1.38764880962500037E10	-6.13409262370685582E-1
1.38839285724999995E10	-2.21538739576796440E-1
1.38913690487500019E10	1.64683594067982453E-1
1.38988095249999999E10	5.44201129269700967E-1
1.39062500012499979E10	9.15887724146910465E-1
1.39136904775000003E10	1.27855579358970872E0
1.39211309537500005E10	1.63096899289239472E0
1.39285714300000008E10	1.97185990903119368E0
1.39360119062500010E10	2.29995291039065286E0
1.39434523824999990E10	2.61399193517020922E0
1.39508928587500014E10	2.91277253333705399E0
1.39583333350000016E10	3.19517695307027561E0
1.39657738112499996E10	3.46021054091026681E0
1.39732142874999998E10	3.70703728600697380E0
1.39806547637500000E10	3.93501207146234933E0
1.39880952400000025E10	4.14370717744008843E0
1.39955357162499983E10	4.33293085698884362E0
1.40029761925000007E10	4.50273637226692980E0
1.40104166687500009E10	4.65342067537280180E0
1.40178571449999989E10	4.78551283487902168E0
1.40252976212499947E10	4.89975321033824773E0
1.40327380975000016E10	4.99706512991119034E0
1.40401785737500018E10	5.07852133090298885E0
1.40476190499999976E10	5.14530763124834678E0
1.40550595262500000E10	5.19868621994409708E0
1.40625000025000024E10	5.23996064058369715E0
1.40699404787499982E10	5.27044407644083712E0
1.40773809550000051E10	5.29143201618974324E0
1.40848214312500009E10	5.30417986336524283E0
1.40922619074999989E10	5.30988560548359079E0
1.40997023837500035E10	5.30967731113849517E0
1.41071428599999993E10	5.30460498412175063E0
1.41220238124999975E10	5.28365461774866407E0
1.41369047650000024E10	5.25377800515712678E0
1.41517857175000006E10	5.22045340192960516E0
1.41666666700000010E10	5.18803612683724680E0
1.41815476224999970E10	5.15993560050836564E0
1.41964285749999997E10	5.13879463366235267E0
1.42113095275000001E10	5.12665358761652623E0
1.42261904800000005E10	5.12509212667658343E0
1.42410714325000010E10	5.13534725197756181E0
1.42559523850000014E10	5.15840940812056736E0
1.42708333374999996E10	5.19509978346570023E0
1.42857142900000023E10	5.24613227993344200E0
1.43080357187500007E10	5.35100363114122324E0
1.43303571474999947E10	5.49180770820099262E0
1.43526785762499953E10	5.67095252881953282E0
1.43750000049999982E10	5.89145330292550362E0
1.43861607193749985E10	6.01797313752096663E0
1.43973214337499988E10	6.15546241578549314E0
1.44084821481249992E10	6.30473466058707643E0
1.44196428625000017E10	6.46654717832663728E0
1.44308035768750020E10	6.64149138097726421E0
1.44419642912500024E10	6.83018283244893798E0
1.44531250056250005E10	7.03330125261783579E0
1.44642857200000008E10	7.25158956346357986E0
1.44754464337499988E10	7.48584770668368016E0
1.44866071474999947E10	7.73692381288737874E0
1.44977678612500016E10	8.00570007828113539E0
1.45089285749999997E10	8.29306977746025176E0
1.45145089318750031E10	8.44400063418923175E0
1.45200892887499977E10	8.59990027060724671E0
1.45256696456250012E10	8.76086353016777686E0
1.45312500025000024E10	8.92697471636342321E0
1.45368303593749992E10	9.09830381373472719E0
1.45424107162499983E10	9.27490183161094350E0
1.45479910731250017E10	9.45679508573716809E0
1.45535714300000008E10	9.64397819966650260E0
1.45591517862499975E10	9.83640554981574944E0
1.45647321425000031E10	1.00339809704556426E1
1.45703124987500021E10	1.02365451762872151E1
1.45758928550000011E10	1.04438607526567018E1
1.45786830331250039E10	1.05492004021191521E1
1.45814732112500023E10	1.06555942236093193E1
1.45842633893750007E10	1.07629820421528333E1
1.45870535674999990E10	1.08712948290522959E1
1.45898437456249996E10	1.09804538349644831E1
1.45926339237500047E10	1.10903696612160219E1
1.45954241018750008E10	1.12009412700834776E1
1.45982142799999992E10	1.13120549365003398E1
1.46010044587499976E10	1.14235831708141133E1
1.46037946374999983E10	1.15353834947476352E1
1.46065848162500012E10	1.16472973304434957E1
1.46093749950000018E10	1.17591487668966499E1
1.46121651737500047E10	1.18707433458946188E1
1.46149553525000053E10	1.19818668649943327E1
1.46177455312499993E10	1.20922842252590357E1
1.46205357099999977E10	1.22017383575318616E1
1.46261160674999990E10	1.24166132484997616E1
1.46316964250000003E10	1.26239639106390711E1
1.46372767824999994E10	1.28208725288655789E1
1.46428571400000007E10	1.30040413040415648E1
1.46456473187499991E10	1.30893483902895413E1
1.46484374974999976E10	1.31698347718084596E1
1.46512276762499982E10	1.32450069445642016E1
1.46540178550000011E10	1.33143633373302928E1
1.46568080337500017E10	1.33773995940476342E1
1.46595982125000002E10	1.34336146096661158E1
1.46623883912499986E10	1.34825172433313001E1
1.46651785699999992E10	1.35236335885168923E1
1.46679687487500021E10	1.35565146342067377E1
1.46707589275000005E10	1.35807441078912916E1
1.46735491062499990E10	1.35959462539224640E1
1.46763392850000018E10	1.36017932738154745E1
1.46791294637500025E10	1.35980121422590372E1
1.46819196425000031E10	1.35843905169179680E1
1.46847098212500038E10	1.35607814832413243E1
1.46875000000000000E10	1.35271069173030001E1
1.46902901787499962E10	1.34833593081087022E1
1.46930803574999969E10	1.34296019518238685E1
1.46958705362499975E10	1.33659675085316842E1
1.46986607149999982E10	1.32926549910531566E1
1.47014508937500010E10	1.32099253286027585E1
1.47042410724999995E10	1.31180957098554996E1
1.47070312512499979E10	1.30175329559881026E1
1.47098214300000008E10	1.29086462018740145E1
1.47126116087500014E10	1.27918791722786285E1
1.47154017874999998E10	1.26677023308909420E1
1.47181919662499983E10	1.25366051560776337E1
1.47209821449999989E10	1.23990887620779500E1
1.47237723237500018E10	1.22556590420955147E1
1.47265625025000024E10	1.21068204644300392E1
1.47293526812500009E10	1.19530706079764415E1
1.47321428599999993E10	1.17948954819276275E1
1.47377232175000006E10	1.14671330561683371E1
1.47433035749999997E10	1.11270610653157598E1
1.47488839325000010E10	1.07778492349994703E1
1.47544642900000023E10	1.04222802567408235E1
1.47600446474999947E10	1.00627493981792715E1
1.47656250049999982E10	9.70128354783864211E0
1.47712053625000017E10	9.33957203281774717E0
1.47767857200000008E10	8.97900330954429649E0
1.47879464325000010E10	8.26557303152661760E0
1.47991071449999989E10	7.56750198179336753E0
1.48102678574999969E10	6.88871724433127497E0
1.48214285699999992E10	6.23137796117663889E0
1.48325892843749996E10	5.59647009005405405E0
1.48437499987500021E10	4.98422395296040133E0
1.48549107131250002E10	4.39439906626234134E0
1.48660714275000005E10	3.82647565290293379E0
1.48772321418749986E10	3.27978122948334683E0
1.48883928562499990E10	2.75357309599392197E0
1.48995535706250015E10	2.24709111334185030E0
1.49107142850000018E10	1.75959058917490396E0
1.49330357137500025E10	8.38741405102883597E-1
1.49553571425000031E10	-1.40735444097424356E-2
1.49776785712500038E10	-8.03136700739265841E-1
1.50000000000000000E10	-1.53196271666289929E0


