freq	dB(S11_discrete)
0.00000000000000000E0	-1.34041517850907987E-13
1.78571428700000001E8	-3.06635146058584995E-2
7.73809524200000176E8	-4.46729760496916661E-1
1.07142857200000030E9	-5.66008224519928405E0
1.25000000000000000E9	-1.09551975878813868E1
1.69642857199999986E9	-1.92361049332109735E0
2.14285714300000008E9	-1.13891176635209312E0
2.50000000000000000E9	-6.06629518854368044E-1
2.94642857199999986E9	-2.69467018884509102E-1
3.39285714299999963E9	-4.88547966985996318E-1
3.69047619100000057E9	-1.85880341639075430E0
4.28571428600000015E9	-2.92038026436271680E1
4.64285714299999874E9	-1.17742315598067937E1
5.23809523799999965E9	-3.85150272205983679E0
5.63492063499999940E9	-2.20103394143618925E0
5.83333333400000065E9	-1.86162792888214690E0
6.42857142899999978E9	-1.93424190931331275E0
6.78571428599999926E9	-2.60308686227190300E0
7.52976190499999909E9	-4.38717413241173482E0
7.65376984199999999E9	-4.72331937598994145E0
8.27380952400000069E9	-9.15284849885352436E0
8.57142857100000022E9	-1.42157379722555066E1
9.16666666499999927E9	-1.48603682097417522E1
9.28571428399999910E9	-1.26429880096628811E1
9.99999999699999975E9	-8.53855284500096090E0
1.04761904699999997E10	-6.52133147390479007E0
1.07142857099999977E10	-4.83156637798437405E0
1.12500000000000000E10	-4.31239979057284373E0
1.16071428599999993E10	-5.66193350689748520E0
1.17857142900000023E10	-3.69561057479868227E0
1.18154761999999969E10	-3.49270112912237174E0
1.19642857200000030E10	-3.88696437643210313E0
1.22619047600000020E10	-6.79174027117632217E0
1.25595238099999973E10	-1.05267111516977141E1
1.28571428599999993E10	-1.63646157060264552E1
1.32142857200000030E10	-2.07325827756575976E1
1.32341269899999991E10	-2.27681878633266255E1
1.33333333400000020E10	-2.11603642282528170E1
1.35714285800000023E10	-1.59087975266777004E1
1.36904761999999969E10	-1.46466266901001041E1
1.39880952400000025E10	-1.22744094821068783E1
1.42857142900000023E10	-9.92093419269344423E0
1.43452380999999995E10	-9.10280756674647051E0
1.44047619100000013E10	-8.21722175142803479E0
1.45238095300000025E10	-5.84120440037815580E0
1.46428571500000038E10	-5.01417103574492629E0
1.47619047699999983E10	-4.54566200457792657E0
1.48809523800000010E10	-4.27732788799332386E0
1.49404761900000027E10	-4.07779218796567111E0
1.50000000000000000E10	-3.93949259677274233E0


freq	dB(S11_fitted)
0.00000000000000000E0	-1.34041517850907987E-13
8.88632077768155249E0	-1.41756137583334318E-13
8.88632077768155249E1	-1.70685961579933476E-13
8.88632077768155249E2	-2.90841163912520084E-12
8.88632077768155249E3	-2.77063817402243462E-10
1.11872150443778118E4	-4.39031294363743640E-10
1.40838693065732423E4	-6.95734301649530451E-10
1.77305409664329505E4	-1.10257248790087892E-9
2.23214285874999607E4	-1.74738837073938580E-9
2.81010136763524843E4	-2.76933633233987475E-9
3.53770802143355789E4	-4.38902171015766207E-9
4.45371052769077025E4	-6.95604406990457136E-9
5.60688936008512151E4	-1.10245069397151330E-8
7.05865549652949831E4	-1.74725799524753866E-8
8.88632077768155959E4	-2.76920923795266205E-8
1.11872150443778229E5	-4.38888989657239215E-8
1.40838693065732579E5	-6.95590889626086284E-8
1.77305409664329683E5	-1.10243517459585605E-7
2.23214285874999785E5	-1.74723806877169796E-7
2.81010136763525109E5	-2.76917716557619631E-7
3.53770802143356056E5	-4.38882945588570728E-7
4.45371052769077469E5	-6.95577568400090218E-7
5.60688936008512684E5	-1.10240363461785895E-6
7.05865549652950186E5	-1.74716072874136175E-6
8.88632077768156492E5	-2.76898466933870768E-6
1.11872150443778318E6	-4.38834796485036271E-6
1.40838693065732623E6	-6.95456819880515997E-6
1.77305409664329749E6	-1.10210057071258194E-5
2.23214285874999874E6	-1.74639980503036751E-5
2.81010136763525153E6	-2.76707412804285058E-5
3.53770802143356189E6	-4.38355158242888976E-5
4.45371052769077558E6	-6.94253031498839768E-5
5.60688936008512773E6	-1.09908074550459811E-4
7.05865549652950541E6	-1.73882997787340043E-4
8.88632077768157025E6	-2.74812145445159040E-4
1.11872150443778340E7	-4.33618898649092799E-4
1.40838693065732667E7	-6.82452189791196684E-4
1.77305409664329860E7	-1.06981373125396684E-3
2.23214285875000007E7	-1.66676490497391749E-3
2.52377218825540961E7	-2.10385280429998556E-3
2.81677386131465335E7	-2.58397713969359444E-3
3.54610819328659721E7	-3.93238032270791837E-3
4.46428571750000014E7	-5.86481425975932957E-3
5.46968251260019933E7	-8.15637006973446965E-3
6.69642857624999799E7	-1.10284396302563592E-2
7.76126024473947762E7	-1.34747323165800270E-2
8.92857143500000028E7	-1.60301757301061665E-2
1.11607142937500003E8	-2.04430245825813772E-2
1.33928571524999951E8	-2.42563580104632814E-2
1.56250000112500009E8	-2.76094807942043818E-2
1.78571428700000001E8	-3.06635146057694730E-2
1.97172619184375009E8	-3.30825937427619987E-2
2.15773809668749994E8	-3.54596518098910307E-2
2.34375000153124979E8	-3.78508816343275889E-2
2.52976190637500009E8	-4.03041255016429645E-2
2.71577381121875083E8	-4.28615121452439052E-2
2.90178571606249980E8	-4.55617160657719289E-2
3.08779762090625054E8	-4.84418347571517760E-2
3.27380952575000084E8	-5.15389600661998148E-2
3.45982143059375025E8	-5.48915341860201167E-2
3.64583333543750010E8	-5.85405732543598667E-2
3.83184524028124951E8	-6.25308295246728996E-2
4.01785714512500025E8	-6.69119527146808046E-2
4.20386904996875099E8	-7.17397041642091526E-2
4.38988095481250085E8	-7.70772740516528998E-2
4.57589285965624981E8	-8.29967519105279194E-2
4.76190476450000055E8	-8.95808038450388011E-2
4.94791666934375041E8	-9.69246161170315723E-2
5.13392857418750026E8	-1.05138174327832901E-1
5.31994047903125011E8	-1.14348960644558639E-1
5.50595238387500086E8	-1.24705169078303646E-1
5.69196428871874982E8	-1.36379561670466787E-1
5.87797619356250145E8	-1.49574117903227499E-1
6.06398809840625042E8	-1.64525667494060235E-1
6.25000000325000116E8	-1.81512745308557211E-1
6.43601190809374923E8	-2.00863969514434926E-1
6.62202381293750175E8	-2.22968324336235524E-1
6.80803571778124983E8	-2.48287832112011442E-1
6.99404762262500146E8	-2.77373232618711230E-1
7.18005952746874954E8	-3.10883459614553459E-1
7.36607143231250028E8	-3.49609926481979372E-1
7.55208333715625013E8	-3.94506918928788020E-1
7.73809524200000176E8	-4.46729760496957251E-1
7.92410714687499951E8	-5.07682887363321367E-1
8.11011905175000081E8	-5.79080567099965027E-1
8.29613095662500299E8	-6.63023748749817621E-1
8.48214286149999985E8	-7.62097464390771862E-1
8.66815476637500026E8	-8.79494336506897234E-1
8.85416667125000245E8	-1.01917108790738031E0
9.04017857612499931E8	-1.18604648826303860E0
9.22619048099999972E8	-1.38625086802226627E0
9.31919643343750081E8	-1.50117395527366471E0
9.41220238587500191E8	-1.62743915690623631E0
9.50520833831250123E8	-1.76630558168140306E0
9.59821429074999877E8	-1.91918144179613037E0
9.69122024318750164E8	-2.08764170867342891E0
9.78422619562499918E8	-2.27344775851898451E0
9.87723214806250027E8	-2.47856926750472528E0
9.97023810049999781E8	-2.70520869551172360E0
1.00632440529374967E9	-2.95582881379214246E0
1.01562500053750027E9	-3.23318389765945469E0
1.02492559578124975E9	-3.54035543038175815E0
1.03422619102499991E9	-3.88079344923755087E0
1.04352678626875006E9	-4.25836498313070688E0
1.05282738151249999E9	-4.67741129448635462E0
1.06212797675625015E9	-5.14281561755987848E0
1.07142857200000030E9	-5.66008224519927872E0
1.07700892912500001E9	-5.99788881070707269E0
1.08258928624999995E9	-6.35806471123566386E0
1.08816964337499966E9	-6.74219687601576911E0
1.09375000049999960E9	-7.15198530220507145E0
1.09933035762499975E9	-7.58924155614442419E0
1.10491071474999969E9	-8.05587814359142662E0
1.11049107187500007E9	-8.55388175494741176E0
1.11607142900000023E9	-9.08525874403397715E0
1.12165178612500016E9	-9.65193354134746606E0
1.12723214325000032E9	-1.02555681691840817E1
1.13281250037500003E9	-1.08972508381773547E1
1.13839285749999997E9	-1.15769701864142704E1
1.14397321462499990E9	-1.22927462718857616E1
1.14955357174999984E9	-1.30392341511058718E1
1.15513392887499999E9	-1.38055806130545755E1
1.16071428599999993E9	-1.45723995331891687E1
1.17187500025000002E9	-1.59666545229138968E1
1.18303571450000011E9	-1.68131509089310427E1
1.19419642874999998E9	-1.67365286236810329E1
1.20535714300000008E9	-1.58416403915350701E1
1.21651785724999995E9	-1.45696394562261622E1
1.22767857150000004E9	-1.32539696695206932E1
1.23883928574999969E9	-1.20365353568405253E1
1.25000000000000000E9	-1.09551975878813312E1
1.26395089287499962E9	-9.79037793592856431E0
1.27790178574999969E9	-8.80614110727090704E0
1.29185267862499975E9	-7.97125568959074648E0
1.30580357149999982E9	-7.25863500649030513E0
1.31975446437500010E9	-6.64627792199645917E0
1.33370535724999995E9	-6.11662536109179999E0
1.34765625012499979E9	-5.65567915238219587E0
1.36160714300000008E9	-5.25222418876149089E0
1.37555803587500014E9	-4.89721090425929617E0
1.38950892874999998E9	-4.58328107458148715E0
1.40345982162499983E9	-4.30440658394158948E0
1.41741071449999989E9	-4.05561364267767122E0
1.43136160737500018E9	-3.83277088414080103E0
1.44531250025000024E9	-3.63242523284148788E0
1.45926339312500009E9	-3.45167370192538447E0
1.47321428599999993E9	-3.28806242842418728E0
1.50111607175000006E9	-3.00422606607051490E0
1.52901785749999997E9	-2.76759645435899770E0
1.55691964325000010E9	-2.56830110597565264E0
1.58482142900000023E9	-2.39890072860504144E0
1.61272321474999947E9	-2.25370314326143628E0
1.64062500050000004E9	-2.12828985154141170E0
1.66852678625000017E9	-2.01918349766682503E0
1.69642857199999986E9	-1.92361049332117084E0
1.75223214337500011E9	-1.76450291429518336E0
1.80803571474999991E9	-1.63735952640531202E0
1.86383928612500038E9	-1.53257145467399258E0
1.91964285749999997E9	-1.44296695931037466E0
1.97544642887499999E9	-1.36291952522190640E0
2.03125000025000002E9	-1.28787015901066626E0
2.08705357162499983E9	-1.21413405247862105E0
2.14285714300000008E9	-1.13891176635212288E0
2.23214285724999995E9	-1.01147310628960541E0
2.32142857149999937E9	-8.75217150041989100E-1
2.41071428574999924E9	-7.36729903193126479E-1
2.50000000000000000E9	-6.06629518854377281E-1
2.55580357149999937E9	-5.33984610083444000E-1
2.61160714299999963E9	-4.69917925082580812E-1
2.66741071449999989E9	-4.15117199416483018E-1
2.72321428600000015E9	-3.69601967761510597E-1
2.77901785749999997E9	-3.32936679022666482E-1
2.83482142899999978E9	-3.04459879383541754E-1
2.89062500050000049E9	-2.83486066511349044E-1
2.94642857199999986E9	-2.69467018884554843E-1
2.97433035768750020E9	-2.64963588961257823E-1
3.00223214337499922E9	-2.62119390123725493E-1
3.03013392906250001E9	-2.60958446385860920E-1
3.05803571475000036E9	-2.61535128395165906E-1
3.08593750043749981E9	-2.63938076530456822E-1
3.11383928612500060E9	-2.68294652622627972E-1
3.14174107181250006E9	-2.74776086795845531E-1
3.16964285749999997E9	-2.83603491157795196E-1
3.19754464318750031E9	-2.95054918728816418E-1
3.22544642887500022E9	-3.09473652861657378E-1
3.25334821456250012E9	-3.27277917400532692E-1
3.28125000024999958E9	-3.48972197836138465E-1
3.30915178593750037E9	-3.75160354247481198E-1
3.33705357162500027E9	-4.06560681672255875E-1
3.36495535731250062E9	-4.44023024412016110E-1
3.39285714299999963E9	-4.88547966985986015E-1
3.41145833350000061E9	-5.22726179130961199E-1
3.43005952399999936E9	-5.60954928994037960E-1
3.44866071450000078E9	-6.03670309570311758E-1
3.46726190499999953E9	-6.51353198357813135E-1
3.48586309550000006E9	-7.04532437546536627E-1
3.50446428599999971E9	-7.63787913482116210E-1
3.52306547649999979E9	-8.29753429880302917E-1
3.54166666700000032E9	-9.03119247592633911E-1
3.56026785750000041E9	-9.84634142281002589E-1
3.57886904800000005E9	-1.07510681208981107E0
3.59747023850000058E9	-1.17540645297017377E0
3.61607142900000023E9	-1.28646231312879511E0
3.63467261950000031E9	-1.40926204425759516E0
3.65327381000000040E9	-1.54484869034951822E0
3.67187500050000049E9	-1.69431619970976310E0
3.69047619100000057E9	-1.85880341639069346E0
3.70907738146875010E9	-2.03948660620702960E0
3.72767857193749919E9	-2.23757070271947001E0
3.74627976240625049E9	-2.45427960891538444E0
3.76488095287500002E9	-2.69084607073354309E0
3.78348214334375132E9	-2.94850181827792301E0
3.80208333381249997E9	-3.22846885155129870E0
3.82068452428124905E9	-3.53195290689754327E0
3.83928571475000036E9	-3.86014026650955300E0
3.85788690521874988E9	-4.21419915752442531E0
3.87648809568749986E9	-4.59528702996349736E0
3.89508928615625072E9	-5.00456501741230930E0
3.91369047662499980E9	-5.44322089966032241E0
3.93229166709374933E9	-5.91250194852006672E0
3.95089285756250064E9	-6.41375921124607729E0
3.96949404803125017E9	-6.94850515604317209E0
3.98809523850000058E9	-7.51848728457379067E0
4.00669642896875011E9	-8.12578146362563380E0
4.02529761943749964E9	-8.77291057245949091E0
4.04389880990625095E9	-9.46299696642329025E0
4.06250000037500048E9	-1.01999618252589741E1
4.08110119084375178E9	-1.09887917373665833E1
4.09970238131249953E9	-1.18359047670291129E1
4.11830357178124995E9	-1.27496683127979682E1
4.13690476224999948E9	-1.37411562116760577E1
4.15550595271875078E9	-1.48252968870414081E1
4.17410714318750031E9	-1.60226882385769143E1
4.19270833365624984E9	-1.73626079544245604E1
4.21130952412500115E9	-1.88883011851890403E1
4.22991071459375068E9	-2.06669391841156713E1
4.24851190506249932E9	-2.28100534059021420E1
4.26711309553125062E9	-2.55199465001037584E1
4.28571428600000015E9	-2.92038026436280163E1
4.30803571456250012E9	-3.58624945533683270E1
4.33035714312500097E9	-3.55495541108733937E1
4.35267857168750005E9	-2.93692176967735907E1
4.37500000025000002E9	-2.55217819764388043E1
4.39732142881249999E9	-2.28830306670598294E1
4.41964285737499996E9	-2.08996992657070457E1
4.44196428593749992E9	-1.93195908095591240E1
4.46428571449999989E9	-1.80100334951838592E1
4.48660714306249986E9	-1.68932720150797833E1
4.50892857162499983E9	-1.59200442631836370E1
4.53125000018749979E9	-1.50572918319494309E1
4.55357142874999976E9	-1.42818423217279022E1
4.57589285731249973E9	-1.35768973855530062E1
4.59821428587499970E9	-1.29299545367289159E1
4.62053571443749966E9	-1.23315128360993587E1
4.64285714299999874E9	-1.17742315598066183E1
4.66145833346875094E9	-1.13370875959925055E1
4.68005952393750047E9	-1.09218377027506031E1
4.69866071440624999E9	-1.05262645195757054E1
4.71726190487500041E9	-1.01485215663980055E1
4.73586309534374994E9	-9.78706379991724695E0
4.75446428581249947E9	-9.44059264311894886E0
4.77306547628125077E9	-9.10801195828434373E0
4.79166666675000119E9	-8.78839242149805067E0
4.82886904768750025E9	-8.18498423286576937E0
4.86607142862500019E9	-7.62528566791175511E0
4.90327380956250014E9	-7.10547732070120652E0
4.94047619050000009E9	-6.62259262830631101E0
4.97767857143750092E9	-6.17423129129902115E0
5.01488095237499998E9	-5.75835973943196500E0
5.05208333331249992E9	-5.37317428155823951E0
5.08928571425000076E9	-5.01700994510998388E0
5.12648809518749982E9	-4.68828266952946926E0
5.16369047612499976E9	-4.38545561558773667E0
5.20089285706250060E9	-4.10702252970193005E0
5.23809523799999965E9	-3.85150272205976663E0
5.26289682531249969E9	-3.69316705891754182E0
5.28769841262500062E9	-3.54394650032906267E0
5.31249999993750066E9	-3.40342678916504271E0
5.33730158725000070E9	-3.27120283660469147E0
5.36210317456250074E9	-3.14687991954233404E0
5.38690476187499989E9	-3.03007481040648585E0
5.41170634918749993E9	-2.92041679967035783E0
5.43650793649999997E9	-2.81754858532624919E0
5.46130952381250090E9	-2.72112701497659337E0
5.48611111112499916E9	-2.63082367522242233E0
5.51091269843749831E9	-2.54632532998044514E0
5.53571428575000013E9	-2.46733421450902757E0
5.56051587306250017E9	-2.39356819554473477E0
5.58531746037500199E9	-2.32476081030320447E0
5.61011904768749758E9	-2.26066119842206081E0
5.63492063499999940E9	-2.20103394143618791E0
5.68452380974999993E9	-2.09433053239312983E0
5.73412698450000136E9	-2.00306551172956882E0
5.78373015924999923E9	-1.92588005092905279E0
5.83333333400000065E9	-1.86162792888218265E0
5.87053571493749882E9	-1.81400562453378433E0
5.90773809587499965E9	-1.77594122664033427E0
5.94494047681249960E9	-1.74671088104644268E0
5.98214285775000043E9	-1.72563048150185150E0
6.01934523868749949E9	-1.71206266543783237E0
6.05654761962500032E9	-1.70542227515223210E0
6.09375000056249849E9	-1.70518050869928328E0
6.13095238150000021E9	-1.71086798651852545E0
6.16815476243750016E9	-1.72207694170875647E0
6.20535714337500099E9	-1.73846270569350425E0
6.24255952431250094E9	-1.75974460755215301E0
6.27976190525000000E9	-1.78570633390038536E0
6.31696428618749906E9	-1.81619570506299088E0
6.35416666712499900E9	-1.85112370983557506E0
6.39136904806249895E9	-1.89046250321255371E0
6.42857142899999978E9	-1.93424190931330209E0
6.47321428612499972E9	-1.99275725363238032E0
6.51785714325000054E9	-2.05800905115691890E0
6.56250000037500048E9	-2.13027611916041915E0
6.60714285749999952E9	-2.20984651947237642E0
6.65178571462500123E9	-2.29695165619877262E0
6.69642857175000028E9	-2.39168202240819339E0
6.74107142887500022E9	-2.49388928735195226E0
6.78571428599999926E9	-2.60308686227189590E0
6.87872023837499835E9	-2.84854306581289940E0
6.97172619075000188E9	-3.10582948661335889E0
7.06473214312499920E9	-3.35670530502691644E0
7.15773809549999918E9	-3.58711655808791940E0
7.25074404787500093E9	-3.79411926415162570E0
7.34375000025000002E9	-3.98607506424640201E0
7.43675595262500089E9	-4.17801224512359681E0
7.52976190499999909E9	-4.38717413241173482E0
7.56076388924999954E9	-4.46375502195364859E0
7.59176587349999910E9	-4.54485786797273850E0
7.62276785775000043E9	-4.63115109677391334E0
7.65376984199999999E9	-4.72331937598994145E0
7.73127480225000063E9	-4.98415024997397715E0
7.80877976250000039E9	-5.29809686351591580E0
7.88628472274999837E9	-5.67859882927421200E0
7.96378968300000167E9	-6.14088447496803003E0
8.00254216312499977E9	-6.40792852430877780E0
8.04129464325000143E9	-6.70186665493537426E0
8.08004712337500131E9	-7.02497279023069332E0
8.11879960349999941E9	-7.37950908684638662E0
8.15755208362499928E9	-7.76766376558262284E0
8.19630456375000094E9	-8.19147315385453290E0
8.23505704387499904E9	-8.65272613351519659E0
8.27380952400000069E9	-9.15284849885352614E0
8.31101190487500041E9	-9.67039706940616384E0
8.34821428575000013E9	-1.02248599008526964E1
8.38541666662499985E9	-1.08157348884442239E1
8.42261904749999957E9	-1.14415712103720768E1
8.45982142837500106E9	-1.20997078368389488E1
8.49702380925000078E9	-1.27859461034557653E1
8.53422619012499872E9	-1.34941450096716986E1
8.57142857100000022E9	-1.42157379722554800E1
8.60863095187499816E9	-1.49391941345521806E1
8.64583333275000143E9	-1.56494944742605280E1
8.68303571362499937E9	-1.63277696615798673E1
8.72023809450000087E9	-1.69513474089804950E1
8.75744047537500059E9	-1.74945443881833884E1
8.79464285624999853E9	-1.79305232083134669E1
8.83184523712499825E9	-1.82342983299220274E1
8.86904761799999974E9	-1.83864716902238579E1
8.90624999887500302E9	-1.83767029187370556E1
8.94345237975000096E9	-1.82057048973075486E1
8.98065476062500068E9	-1.78850237438655979E1
9.01785714150000040E9	-1.74347936640532564E1
9.05505952237499834E9	-1.68804095226102935E1
9.09226190324999806E9	-1.62491950949396680E1
9.12946428412500133E9	-1.55677744046813116E1
9.16666666499999927E9	-1.48603682097417633E1
9.19642856975000100E9	-1.42899205763268489E1
9.22619047450000096E9	-1.37253725780929825E1
9.25595237925000092E9	-1.31743252533130462E1
9.28571428399999910E9	-1.26429880096628855E1
9.33035714106250325E9	-1.18933777749230885E1
9.37499999812500029E9	-1.12107073944007141E1
9.41964285518750088E9	-1.06018000712867733E1
9.46428571224999970E9	-1.00694726195511630E1
9.50892856931249852E9	-9.61348335375952878E0
9.55357142637499912E9	-9.23142655017524660E0
9.59821428343750149E9	-8.91953362976163611E0
9.64285714050000031E9	-8.67334315631284625E0
9.68749999756250091E9	-8.48821217441296483E0
9.73214285462499973E9	-8.35965390307220879E0
9.77678571168750210E9	-8.28349366583648816E0
9.82142856874999914E9	-8.25583088771332818E0
9.86607142581249974E9	-8.27277801593303863E0
9.91071428287499856E9	-8.32991900080824266E0
9.95535713993749916E9	-8.42139927996685067E0
9.99999999699999975E9	-8.53855284500096268E0
1.00595238061249992E10	-8.71073858887751662E0
1.01190476152500008E10	-8.85344666175168982E0
1.01785714243750003E10	-8.89290609358197237E0
1.02380952335000019E10	-8.74973572553027523E0
1.02678571380624972E10	-8.59383160130436075E0
1.02976190426250014E10	-8.38220559985083113E0
1.03273809471874989E10	-8.12182477408612513E0
1.03571428517500008E10	-7.82387003524796931E0
1.03869047563125005E10	-7.50185441463931468E0
1.04166666608750003E10	-7.16956777339105500E0
1.04464285654375000E10	-6.83940171598836688E0
1.04761904699999997E10	-6.52133147390478918E0
1.05059523750000006E10	-6.22255228391289705E0
1.05357142799999970E10	-5.94760442048975868E0
1.05654761849999979E10	-5.69877986282057325E0
1.05952380899999987E10	-5.47663662476933855E0
1.06249999950000040E10	-5.28050479793613992E0
1.06547618999999982E10	-5.10892249297619827E0
1.06845238050000013E10	-4.95997902779362576E0
1.07142857099999977E10	-4.83156637798436872E0
1.07812499962499997E10	-4.60679910855329666E0
1.08482142825000016E10	-4.45324358573928425E0
1.09151785687499991E10	-4.35322227987983457E0
1.09821428549999989E10	-4.29362977520850109E0
1.10491071412499986E10	-4.26516090733562159E0
1.11160714275000005E10	-4.26140290473923855E0
1.11830357137500003E10	-4.27806542477326524E0
1.12500000000000000E10	-4.31239979057283751E0
1.12946428574999969E10	-4.39651626823388675E0
1.13392857150000004E10	-4.49399621247214931E0
1.13839285724999995E10	-4.60700002602208691E0
1.14285714300000008E10	-4.73884692285793818E0
1.14732142874999998E10	-4.89508800348558104E0
1.15178571450000011E10	-5.08572697456396217E0
1.15625000025000002E10	-5.32972269869315429E0
1.16071428599999993E10	-5.66193350689751274E0
1.16183035743749996E10	-5.76420950233979301E0
1.16294642887499999E10	-5.87500601542660306E0
1.16406250031250003E10	-5.99339614035355073E0
1.16517857174999984E10	-6.11627835241813056E0
1.16629464318749987E10	-6.23644990503302843E0
1.16741071462499990E10	-6.33957961138073500E0
1.16852678606249993E10	-6.40043809800870367E0
1.16964285749999997E10	-6.38094038904605831E0
1.17020089321875020E10	-6.32691949843335077E0
1.17075892893749978E10	-6.23663993744734135E0
1.17131696465625024E10	-6.10727403940224267E0
1.17187500037500003E10	-5.93910530287760885E0
1.17243303609374983E10	-5.73623639212237446E0
1.17299107181250006E10	-5.50653566135373573E0
1.17354910753124986E10	-5.26068838167914876E0
1.17410714325000032E10	-5.01057391366622973E0
1.17522321468749991E10	-4.54055796293271996E0
1.17633928612500016E10	-4.15776032593034639E0
1.17745535756250019E10	-3.88007402065900120E0
1.17857142900000023E10	-3.69561057479865429E0
1.17931547675000004E10	-3.61331097640609844E0
1.18005952450000007E10	-3.55570084123137331E0
1.18080357225000010E10	-3.51704248971751410E0
1.18154761999999969E10	-3.49270112912241348E0
1.18526785800000001E10	-3.48759256941825901E0
1.18898809599999966E10	-3.56771874417952972E0
1.19270833400000020E10	-3.69909400648225484E0
1.19642857200000030E10	-3.88696437643215598E0
1.20386904800000005E10	-4.43645562395128845E0
1.21130952399999980E10	-5.15481550035678815E0
1.21875000000000000E10	-5.95495400785801543E0
1.22619047600000020E10	-6.79174027117622892E0
1.23363095224999997E10	-7.65586464069414863E0
1.24107142849999996E10	-8.55516814471355147E0
1.24851190474999996E10	-9.50509028286720259E0
1.25595238099999973E10	-1.05267111516976608E1
1.26339285724999995E10	-1.16497695637872156E1
1.27083333350000016E10	-1.29216197216056061E1
1.27827380975000016E10	-1.44296178997205193E1
1.28571428599999993E10	-1.63646157060267039E1
1.29017857174999984E10	-1.79152855013569301E1
1.29464285749999997E10	-2.00515274869904880E1
1.29910714325000010E10	-2.34561932062229506E1
1.30357142900000023E10	-3.08884449840442654E1
1.30580357187500007E10	-4.28359840373177025E1
1.30803571474999947E10	-3.49369318549024266E1
1.31026785762499953E10	-2.75660577919812644E1
1.31250000049999982E10	-2.37739974311986568E1
1.31361607193749985E10	-2.24932893935346989E1
1.31473214337499988E10	-2.15037009044434724E1
1.31584821481249992E10	-2.07649759224608044E1
1.31696428625000017E10	-2.02576304981526123E1
1.31808035768749976E10	-1.99784846906106606E1
1.31919642912500024E10	-1.99403683380767371E1
1.32031250056250005E10	-2.01742870688333831E1
1.32142857200000030E10	-2.07325827756571845E1
1.32192460374999987E10	-2.11037150473598745E1
1.32242063550000011E10	-2.15613611510284242E1
1.32291666724999990E10	-2.21136622279391037E1
1.32341269899999991E10	-2.27681878633271317E1
1.32403273868749993E10	-2.37376338095073214E1
1.32465277837500017E10	-2.48703615646072818E1
1.32527281806250019E10	-2.61235494018782655E1
1.32589285774999976E10	-2.73694927601035332E1
1.32651289743750000E10	-2.83439436645903342E1
1.32713293712500002E10	-2.87095035295161027E1
1.32775297681250004E10	-2.83388583074084854E1
1.32837301650000028E10	-2.74576606015847879E1
1.32961309587500009E10	-2.53311585417933749E1
1.33085317525000013E10	-2.35305826087101311E1
1.33209325462500017E10	-2.21740409626861590E1
1.33333333400000020E10	-2.11603642282530258E1
1.33630952450000007E10	-1.95853300878316494E1
1.33928571500000038E10	-1.86469726038289108E1
1.34226190550000024E10	-1.79995733806369596E1
1.34523809599999988E10	-1.74924208181760976E1
1.34821428649999975E10	-1.70553406990748324E1
1.35119047699999983E10	-1.66546218324158746E1
1.35416666750000014E10	-1.62745033146704499E1
1.35714285800000023E10	-1.59087975266780246E1
1.36011904850000009E10	-1.55570367828598766E1
1.36309523899999996E10	-1.52229856235744476E1
1.36607142949999960E10	-1.49147660510087299E1
1.36904761999999969E10	-1.46466266901000863E1
1.37090773899999996E10	-1.45096669582686566E1
1.37276785800000023E10	-1.44068438099807561E1
1.37462797699999983E10	-1.43514181804208585E1
1.37648809599999988E10	-1.43623824949361922E1
1.37834821500000038E10	-1.44660883480226299E1
1.38020833400000020E10	-1.46949573384627064E1
1.38206845300000025E10	-1.50720574013837072E1
1.38392857200000008E10	-1.55481632877487597E1
1.38485863150000021E10	-1.57524935123139276E1
1.38578869100000013E10	-1.58577470338792703E1
1.38671875049999982E10	-1.57982045816583883E1
1.38764880999999995E10	-1.55403525527662700E1
1.38857886949999987E10	-1.51109242678197142E1
1.38950892900000023E10	-1.45856501230694535E1
1.39043898850000014E10	-1.40489489763211650E1
1.39136904800000005E10	-1.35623011429634843E1
1.39322916700000010E10	-1.28402956692532677E1
1.39508928599999993E10	-1.24468166303131111E1
1.39694940499999976E10	-1.22904741437042531E1
1.39880952400000025E10	-1.22744094821068206E1
1.40252976212499947E10	-1.23746160989656317E1
1.40625000025000024E10	-1.23765967035388869E1
1.40997023837500035E10	-1.21825584106227169E1
1.41369047650000024E10	-1.18346804779034787E1
1.41741071462499990E10	-1.13987934993145035E1
1.42113095275000001E10	-1.09206094924200858E1
1.42485119087500012E10	-1.04244062624575817E1
1.42857142900000023E10	-9.92093419269337495E0
1.43005952425000027E10	-9.71828255447894840E0
1.43154761949999987E10	-9.51473488747641660E0
1.43303571474999947E10	-9.30984161490977691E0
1.43452380999999995E10	-9.10280756674650604E0
1.43601190525000022E10	-8.89236412402886778E0
1.43750000049999982E10	-8.67660263955693623E0
1.43898809575000008E10	-8.45278853593312007E0
1.44047619100000013E10	-8.21722175142805256E0
1.44196428625000017E10	-7.96530677450016356E0
1.44345238150000021E10	-7.69215970898989454E0
1.44494047674999981E10	-7.39424674590280517E0
1.44642857200000008E10	-7.07241521143294882E0
1.44791666724999990E10	-6.73563373945834876E0
1.44940476250000017E10	-6.40264742033822820E0
1.45089285774999976E10	-6.09779197587770216E0
1.45238095300000025E10	-5.84120440037811495E0
1.45535714349999989E10	-5.48962746544754499E0
1.45833333400000020E10	-5.28714050283389803E0
1.46130952450000007E10	-5.14350830951249449E0
1.46428571500000038E10	-5.01417103574495648E0
1.46726190550000024E10	-4.88691639077109130E0
1.47023809599999988E10	-4.76253006227369013E0
1.47321428649999975E10	-4.64637451737677853E0
1.47619047699999983E10	-4.54566200457791414E0
1.47916666724999990E10	-4.46709644355708502E0
1.48214285749999997E10	-4.40980550940003813E0
1.48511904775000003E10	-4.35506029066400568E0
1.48809523800000010E10	-4.27732788799335495E0
1.48958333324999992E10	-4.22883097507048333E0
1.49107142850000018E10	-4.17735379676440299E0
1.49255952375000023E10	-4.12612869198563903E0
1.49404761900000027E10	-4.07779218796570397E0
1.49553571425000031E10	-4.03413517964956547E0
1.49702380949999991E10	-3.99621726408875677E0
1.49851190475000018E10	-3.96458936217793045E0
1.50000000000000000E10	-3.93949259677270014E0


