freq	dB(S11_fitted)
0,00000000000000000E0	-4,24304085283447385E-14
9,33063680984757227E0	-1,35005845317460293E-14
9,33063680984757227E1	-1,83222218645124713E-14
9,33063680984757227E2	-6,68278934321453555E-13
9,33063680984757227E3	-6,47295168651640296E-11
1,17465757881391686E4	-1,02590941857343854E-10
1,47880627612544968E4	-1,62586575189872407E-10
1,86170680013503076E4	-2,57673120704193126E-10
2,34374999999999556E4	-4,08373395545585982E-10
2,95060643389257304E4	-6,47233451715483454E-10
3,71459341983072733E4	-1,02577634143756624E-9
4,67639605070830200E4	-1,62574038946500021E-9
5,88723382385056748E4	-2,57660777347015824E-9
7,41158826601962506E4	-4,08364813117529390E-9
9,33063680984757582E4	-6,47212815324713908E-9
1,17465757881391730E5	-1,02576341999463327E-8
1,47880627612545035E5	-1,62572361153635825E-8
1,86170680013503143E5	-2,57659591568178081E-8
2,34374999999999645E5	-4,08362509238835969E-8
2,95060643389257482E5	-6,47210262027071970E-8
3,71459341983072955E5	-1,02575667515349434E-7
4,67639605070830466E5	-1,62570945925838872E-7
5,88723382385057104E5	-2,57656292185971747E-7
7,41158826601963217E5	-4,08354417527262736E-7
9,33063680984758292E5	-6,47189878557822418E-7
1,17465757881391819E6	-1,02570616418383742E-6
1,47880627612545168E6	-1,62558275720408019E-6
1,86170680013503320E6	-2,57624454583191786E-6
2,34374999999999822E6	-4,08274470969910297E-6
2,95060643389257748E6	-6,46989132843846093E-6
3,71459341983073221E6	-1,02520202584349063E-5
4,67639605070830822E6	-1,62431694570395169E-5
5,88723382385057725E6	-2,57306699420966334E-5
7,41158826601963749E6	-4,07477099659855657E-5
9,33063680984759003E6	-6,44989363386968773E-5
1,17465757881391930E7	-1,02019127432646339E-4
1,47880627612545323E7	-1,61177974249903655E-4
1,86170680013503498E7	-2,54176916104166262E-4
2,34375000000000000E7	-3,99691627157004437E-4
2,64996079576020893E7	-5,07961055261119121E-4
2,95761255225090647E7	-6,28605853143534610E-4
3,72341360027006996E7	-9,77339670893155876E-4
4,68750000000000000E7	-1,50396715231415223E-3
5,74316663409513239E7	-2,17270468692094632E-3
7,03125000000000000E7	-3,08533625807384038E-3
8,14932325110893885E7	-3,93447186980902641E-3
9,37500000000000000E7	-4,89825884687272861E-3
1,17187500000000000E8	-6,75995955422248862E-3
1,40625000000000000E8	-8,56866344116993695E-3
1,64062500000000000E8	-1,02848886627476399E-2
1,87500000000000000E8	-1,19055205348915361E-2
2,18750000000000000E8	-1,39421104944316565E-2
2,50000000000000000E8	-1,58776434784025211E-2
2,81250000000000000E8	-1,77527089263840732E-2
3,12500000000000000E8	-1,95982175250394319E-2
3,43750000000000000E8	-2,14355233256922517E-2
3,75000000000000000E8	-2,32783914443896478E-2
4,06250000000000000E8	-2,51351519293178871E-2
4,37500000000000000E8	-2,70105355507087364E-2
4,68750000000000000E8	-2,89071079802382558E-2
5,00000000000000000E8	-3,08263491795297906E-2
5,31250000000000000E8	-3,27694510260507732E-2
5,62500000000000000E8	-3,47378998086456381E-2
5,97656250000000000E8	-3,69854807356149395E-2
6,32812500000000000E8	-3,92726437114438021E-2
6,67968750000000000E8	-4,16060611752618570E-2
7,03125000000000000E8	-4,39946235786791817E-2
7,38281250000000000E8	-4,64495778133679771E-2
7,73437500000000000E8	-4,89846002404312841E-2
8,08593750000000000E8	-5,16158273744322926E-2
8,43750000000000000E8	-5,43618624399049377E-2
8,78906250000000000E8	-5,72437723710153890E-2
9,14062500000000000E8	-6,02850870183963217E-2
9,49218750000000000E8	-6,35118101444233574E-2
9,84375000000000000E8	-6,69524500948491674E-2
1,01953125000000000E9	-7,06380767379656138E-2
1,05468750000000000E9	-7,46024102964761227E-2
1,08984375000000000E9	-7,88819470039635373E-2
1,12500000000000000E9	-8,35161260504994019E-2
1,16015625000000000E9	-8,85475419879260706E-2
1,19531250000000000E9	-9,40222065999076051E-2
1,23046875000000000E9	-9,99898641537200028E-2
1,26562500000000000E9	-1,06504363891237319E-1
1,30078125000000000E9	-1,13624093537677973E-1
1,33593750000000000E9	-1,21412477460075063E-1
1,37109375000000000E9	-1,29938542848057326E-1
1,40625000000000000E9	-1,39277556876301301E-1
1,44140625000000000E9	-1,49511737201296624E-1
1,47656250000000000E9	-1,60731037310028313E-1
1,51171875000000000E9	-1,73034007140468082E-1
1,54687500000000000E9	-1,86528727997600274E-1
1,58203125000000000E9	-2,01333819050265728E-1
1,61718750000000000E9	-2,17579510561674017E-1
1,65234375000000000E9	-2,35408776403850339E-1
1,68750000000000000E9	-2,54978515240239512E-1
1,72265625000000000E9	-2,76460765903784189E-1
1,75781250000000000E9	-3,00043937798206439E-1
1,79296875000000000E9	-3,25934031427330639E-1
1,82812500000000000E9	-3,54355817218309088E-1
1,86328125000000000E9	-3,85553932456517634E-1
1,89843750000000000E9	-4,19793846229095191E-1
1,93359375000000000E9	-4,57362630683553828E-1
1,96875000000000000E9	-4,98569463657019085E-1
2,00390625000000000E9	-5,43745773003295341E-1
2,03906250000000000E9	-5,93244917152366646E-1
2,07421875000000000E9	-6,47441280305012867E-1
2,10937500000000000E9	-7,06728645302372627E-1
2,14453125000000000E9	-7,71517694180270386E-1
2,17968750000000000E9	-8,42232477788260425E-1
2,21484375000000000E9	-9,19305694199605661E-1
2,25000000000000000E9	-1,00317262399021256E0
2,27343750000000000E9	-1,06307116980958360E0
2,29687500000000000E9	-1,12630513931621246E0
2,32031250000000000E9	-1,19299486470414351E0
2,34375000000000000E9	-1,26325504116203491E0
2,36718750000000000E9	-1,33719307779658747E0
2,39062500000000000E9	-1,41490732358596150E0
2,41406250000000000E9	-1,49648518266189101E0
2,43750000000000000E9	-1,58200113842475698E0
2,46093750000000000E9	-1,67151471151316211E0
2,48437500000000000E9	-1,76506838231367302E0
2,50781250000000000E9	-1,86268551430501095E0
2,53125000000000000E9	-1,96436831984640681E0
2,55468750000000000E9	-2,07009591477558041E0
2,57812500000000000E9	-2,17982251209771283E0
2,60156250000000000E9	-2,29347580783620186E0
2,62500000000000000E9	-2,41095561350831922E0
2,66406250000000000E9	-2,61489447906518890E0
2,70312500000000000E9	-2,82831002379067531E0
2,74218750000000000E9	-3,05019069881163896E0
2,78125000000000000E9	-3,27930290716087880E0
2,80078125000000000E9	-3,39612898741115643E0
2,82031250000000000E9	-3,51420965778092143E0
2,83984375000000000E9	-3,63333835550433637E0
2,85937500000000000E9	-3,75330005656662813E0
2,87890625000000000E9	-3,87387273014225730E0
2,89843750000000000E9	-3,99482891115273420E0
2,91796875000000000E9	-4,11593737037238228E0
2,93750000000000000E9	-4,23696485877420681E0
2,96191406250000000E9	-4,38777979341320723E0
2,98632812500000000E9	-4,53765149873033025E0
3,01074218750000000E9	-4,68613732000743521E0
3,03515625000000000E9	-4,83280929774061985E0
3,05957031250000000E9	-4,97725919145359974E0
3,08398437500000000E9	-5,11910307142301413E0
3,10839843750000000E9	-5,25798536277147122E0
3,13281250000000000E9	-5,39358224449323576E0
3,18164062500000000E9	-5,65379856775351364E0
3,23046875000000000E9	-5,89787895236515425E0
3,27929687500000000E9	-6,12454892819504693E0
3,32812500000000000E9	-6,33310897100837789E0
3,37695312500000000E9	-6,52337185014416043E0
3,42578125000000000E9	-6,69557312086149281E0
3,47460937500000000E9	-6,85026839690935674E0
3,52343750000000000E9	-6,98823021973453162E0
3,57226562500000000E9	-7,11035482343427283E0
3,62109375000000000E9	-7,21758572541261767E0
3,66992187500000000E9	-7,31085763342446704E0
3,71875000000000000E9	-7,39106119546914719E0
3,76757812500000000E9	-7,45902689594774682E0
3,81640625000000000E9	-7,51552495850125268E0
3,86523437500000000E9	-7,56127735549815494E0
3,91406250000000000E9	-7,59697779732240708E0
3,96289062500000000E9	-7,62331573720341815E0
4,01171875000000000E9	-7,64100086396719202E0
4,06054687500000000E9	-7,65078517976300443E0
4,10937500000000000E9	-7,65348050466286267E0
4,20703125000000000E9	-7,64121352223396677E0
4,30468750000000000E9	-7,61217051800528477E0
4,40234375000000000E9	-7,57538312612618725E0
4,50000000000000000E9	-7,54056369768773571E0
4,56250000000000000E9	-7,52389610188913416E0
4,62500000000000000E9	-7,51466386973280009E0
4,68750000000000000E9	-7,51535528773065753E0
4,75000000000000000E9	-7,52835910554044396E0
4,81250000000000000E9	-7,55594941189151026E0
4,87500000000000000E9	-7,60027692968959734E0
4,93750000000000000E9	-7,66336282968270055E0
5,00000000000000000E9	-7,74709035081782016E0
5,06250000000000000E9	-7,85318884070363321E0
5,12500000000000000E9	-7,98320415699886077E0
5,18750000000000000E9	-8,13844862313764494E0
5,25000000000000000E9	-8,31992293611666689E0
5,31250000000000000E9	-8,52820177958919245E0
5,37500000000000000E9	-8,76327488977532632E0
5,43750000000000000E9	-9,02433691035949437E0
5,50000000000000000E9	-9,30952421799976904E0
5,54166666662499985E9	-9,51152339716745132E0
5,58333333325000059E9	-9,72148346442068068E0
5,62499999987500132E9	-9,93766933543152930E0
5,66666666650000028E9	-1,01579411501313444E1
5,70833333312500013E9	-1,03797400300127562E1
5,74999999975000087E9	-1,06000996562599847E1
5,79166666637500072E9	-1,08156939429195909E1
5,83333333299999968E9	-1,10229303946644142E1
5,88541666624999937E9	-1,12645692293193145E1
5,93749999950000085E9	-1,14803295807592520E1
5,98958333274999966E9	-1,16641125250683930E1
6,04166666599999935E9	-1,18115111578108101E1
6,09374999924999905E9	-1,19204587010593754E1
6,14583333249999963E9	-1,19915942122100616E1
6,19791666575000200E9	-1,20282475247344944E1
6,24999999899999903E9	-1,20360526260294720E1
6,30208333237499918E9	-1,20223018133129744E1
6,35416666575000200E9	-1,19952059651310727E1
6,40624999912500037E9	-1,19632152068945130E1
6,45833333249999963E9	-1,19344993012048417E1
6,51041666587500067E9	-1,19166218944224922E1
6,56249999924999905E9	-1,19163925820299466E1
6,61458333262500009E9	-1,19398542881379011E1
6,66666666600000024E9	-1,19923568121685986E1
6,71874999937500128E9	-1,20786719366332185E1
6,77083333275000143E9	-1,22031132238158868E1
6,82291666612499892E9	-1,23696290309115797E1
6,87499999950000085E9	-1,25818367685544352E1
6,92708333287500189E9	-1,28429570006110239E1
6,97916666624999937E9	-1,31555837224145100E1
7,03124999962499952E9	-1,35211862434332208E1
7,08333333299999879E9	-1,39391714916603293E1
7,13541666637500072E9	-1,44052417301996449E1
7,18749999974999998E9	-1,49086914536924087E1
7,23958333312500013E9	-1,54283340204574237E1
7,29166666649999939E9	-1,59273277079436837E1
7,34374999987500132E9	-1,63490369888450138E1
7,39583333325000147E9	-1,66195589916121689E1
7,44791666662499985E9	-1,66644799789899345E1
7,50000000000000000E9	-1,64391122321071848E1
7,54687500000000000E9	-1,60115846712512244E1
7,59375000000000000E9	-1,54133481628193114E1
7,64062500000000000E9	-1,47012114387537540E1
7,68750000000000000E9	-1,39296768886956812E1
7,73437500000000000E9	-1,31415160182542690E1
7,78125000000000000E9	-1,23661212475898119E1
7,82812500000000000E9	-1,16217612027882411E1
7,87500000000000000E9	-1,09187337313817445E1
7,92187500000000000E9	-1,02620775360913341E1
7,96875000000000000E9	-9,65352484899338315E0
8,01562500000000000E9	-9,09277582761234804E0
8,06250000000000000E9	-8,57826844206426387E0
8,10937500000000000E9	-8,10762385755136883E0
8,15625000000000000E9	-7,67794880953668191E0
8,20312500000000000E9	-7,28613575934974911E0
8,25000000000000000E9	-6,92916665280540656E0
8,31250000000000000E9	-6,50272923144301185E0
8,37500000000000000E9	-6,12774762335962109E0
8,43750000000000000E9	-5,79921065314900552E0
8,50000000000000000E9	-5,51251808438222834E0
8,56250000000000000E9	-5,26341516468266057E0
8,62500000000000000E9	-5,04800484901863911E0
8,68750000000000000E9	-4,86276249423710372E0
8,75000000000000000E9	-4,70453301544547031E0
8,81250000000000000E9	-4,57051309967766439E0
8,87500000000000000E9	-4,45822487014464119E0
8,93750000000000000E9	-4,36548593421915232E0
9,00000000000000000E9	-4,29037885255277196E0
9,06250000000000000E9	-4,22457565888491171E0
9,12500000000000000E9	-4,17138774989380678E0
9,18750000000000000E9	-4,13243684704707448E0
9,25000000000000000E9	-4,10749380563757072E0
9,37500000000000000E9	-4,08343680510554741E0
9,50000000000000000E9	-4,04254303859027697E0
9,62500000000000000E9	-3,94294428836214061E0
9,75000000000000000E9	-3,80330882510629209E0
9,80859375000000000E9	-3,73579578303232340E0
9,86718750000000000E9	-3,67159572622297770E0
9,92578125000000000E9	-3,61280282156056565E0
9,98437500000000000E9	-3,56072213461463161E0
1,00429687500000009E10	-3,51609761296456380E0
1,01015625000000009E10	-3,47930149799007982E0
1,01601562500000009E10	-3,45047019745051564E0
1,02187500000000009E10	-3,42959346173187107E0
1,02773437500000009E10	-3,41656894879710915E0
1,03359375000000009E10	-3,41123308275435910E0
1,03945312500000009E10	-3,41337632657484447E0
1,04531250000000009E10	-3,42274840162562377E0
1,05117187500000009E10	-3,43905705654890825E0
1,05703125000000009E10	-3,46196269331074946E0
1,06289062500000009E10	-3,49107035340579319E0
1,06875000000000009E10	-3,52592010973475833E0
1,07460937500000009E10	-3,56597669166941467E0
1,08046875000000009E10	-3,61061911766582488E0
1,08632812500000009E10	-3,65913116997710031E0
1,09218750000000009E10	-3,71069368030573932E0
1,09804687500000009E10	-3,76437976725485779E0
1,10390625000000009E10	-3,81915433530575621E0
1,10976562500000009E10	-3,87387926045605369E0
1,11562500000000009E10	-3,92732568847371466E0
1,12148437500000009E10	-3,97819468984288216E0
1,12734375000000009E10	-4,02514708653227515E0
1,13320312500000009E10	-4,06684254750435947E0
1,13906250000000009E10	-4,10198704655390500E0
1,14492187500000009E10	-4,12938656219983535E0
1,15078125000000009E10	-4,14800363368136882E0
1,15664062500000009E10	-4,15701230362900542E0
1,16250000000000009E10	-4,15584634585605350E0
1,16640625000000009E10	-4,14927019244772666E0
1,17031250000000009E10	-4,13804329536433091E0
1,17421875000000009E10	-4,12222714281393454E0
1,17812500000000009E10	-4,10194581253510027E0
1,18203125000000009E10	-4,07738329756777595E0
1,18593750000000009E10	-4,04877929485298615E0
1,18984375000000009E10	-4,01642366149808527E0
1,19375000000000009E10	-3,98064980468851726E0
1,19765625000000009E10	-3,94182731174202861E0
1,20156250000000009E10	-3,90035414488561782E0
1,20546875000000009E10	-3,85664872161432815E0
1,20937500000000009E10	-3,81114217867718175E0
1,21328125000000009E10	-3,76427108005023392E0
1,21718750000000009E10	-3,71647078173921930E0
1,22109375000000009E10	-3,66816961408159115E0
1,22500000000000009E10	-3,61978399014275043E0
1,23020833331249979E10	-3,55582817331427270E0
1,23541666662499994E10	-3,49332908233619577E0
1,24062499993749986E10	-3,43311746379398564E0
1,24583333324999979E10	-3,37595586636856693E0
1,25104166656249971E10	-3,32254152752136322E0
1,25624999987499986E10	-3,27351393725522932E0
1,26145833318750000E10	-3,22946701030008265E0
1,26666666649999993E10	-3,19096618389821263E0
1,27187499981250007E10	-3,15857138211678556E0
1,27708333312500000E10	-3,13286778274663291E0
1,28229166643750014E10	-3,11450795639829314E0
1,28749999974999985E10	-3,10427175121863064E0
1,29270833306250044E10	-3,10315535558439404E0
1,29791666637499992E10	-3,11251059144742426E0
1,30312499968749984E10	-3,13427484607176909E0
1,30833333299999977E10	-3,17137352495238156E0
1,31267361087499990E10	-3,21728755577331071E0
1,31701388875000025E10	-3,28135014517755907E0
1,32135416662499994E10	-3,37061157542904999E0
1,32569444450000029E10	-3,49737491564732883E0
1,32786458343750025E10	-3,58139434819415348E0
1,33003472237499998E10	-3,68502342677650230E0
1,33220486131249971E10	-3,81536578818626992E0
1,33437500025000011E10	-3,98347982208840667E0
1,33546006971874975E10	-4,08694324245512686E0
1,33654513918750029E10	-4,20746048924880522E0
1,33763020865624993E10	-4,34942091658693997E0
1,33871527812500002E10	-4,51881095142986666E0
1,33980034759375011E10	-4,72398279893692408E0
1,34088541706249997E10	-4,97689823260551023E0
1,34197048653125028E10	-5,29521900741355367E0
1,34305555599999993E10	-5,70598252138665085E0
1,34392361149999995E10	-6,12937716645537378E0
1,34479166700000019E10	-6,67389138209795529E0
1,34565972250000021E10	-7,39471422030505554E0
1,34652777800000023E10	-8,38448535029965569E0
1,34696180574999969E10	-9,02798672704489391E0
1,34739583350000003E10	-9,81189300594713920E0
1,34782986124999971E10	-1,07856378789650642E1
1,34826388899999983E10	-1,20264991103747976E1
1,34848090287500022E10	-1,27846301757565239E1
1,34869791675000017E10	-1,36654156401822613E1
1,34891493062499990E10	-1,47040744141264623E1
1,34913194449999962E10	-1,59531475251250399E1
1,34934895837500002E10	-1,74963489550920492E1
1,34956597224999997E10	-1,94799005391927738E1
1,34978298612500014E10	-2,21970319227146717E1
1,35000000000000009E10	-2,63918325257233688E1
1,35029296875000004E10	-4,30298983231615395E1
1,35058593750000000E10	-2,82066641034292509E1
1,35087890624999996E10	-2,14521006109294632E1
1,35117187499999991E10	-1,76069917520688835E1
1,35146484375000009E10	-1,49112883936600960E1
1,35175781250000004E10	-1,28478871128964656E1
1,35205078125000000E10	-1,11935842650265127E1
1,35234374999999996E10	-9,83128485124423257E0
1,35263671874999991E10	-8,69132470894793485E0
1,35292968750000009E10	-7,72820967130552994E0
1,35322265625000004E10	-6,90993006670422361E0
1,35351562500000000E10	-6,21255370865169709E0
1,35380859374999996E10	-5,61730741290106561E0
1,35410156249999991E10	-5,10892913532140724E0
1,35439453125000009E10	-4,67470246199473483E0
1,35468750000000004E10	-4,30386761434892495E0
1,35498046875000000E10	-3,98724251727826484E0
1,35527343749999996E10	-3,71696158730129600E0
1,35556640624999991E10	-3,48628120339831371E0
1,35585937500000009E10	-3,28942425192594623E0
1,35615234375000004E10	-3,12144929910608449E0
1,35644531250000000E10	-2,97813710026139500E0
1,35673828124999996E10	-2,85589083755269479E0
1,35703124999999991E10	-2,75164822412257193E0
1,35761718750000004E10	-2,58714431715409265E0
1,35820312499999996E10	-2,46812470296231723E0
1,35878906250000009E10	-2,38265058427489063E0
1,35937500000000000E10	-2,32205822978499032E0
1,36054687500000004E10	-2,25193094422012274E0
1,36171875000000009E10	-2,22470387018497195E0
1,36289062499999991E10	-2,22215375559498973E0
1,36406249999999996E10	-2,23394824559285654E0
1,36523437500000000E10	-2,25407962799746864E0
1,36640625000000004E10	-2,27898011460348204E0
1,36757812500000009E10	-2,30649640857338456E0
1,36874999999999991E10	-2,33531539824302703E0
1,37109375000000000E10	-2,39396220518971647E0
1,37343750000000009E10	-2,45160725689685721E0
1,37578124999999996E10	-2,50715377997031252E0
1,37812500000000004E10	-2,56039616629713240E0
1,38046874999999991E10	-2,61148148122324786E0
1,38281250000000000E10	-2,66068237396438434E0
1,38515625000000009E10	-2,70830020361056256E0
1,38749999999999996E10	-2,75462477627899105E0
1,39921874999999996E10	-2,97502017262626639E0
1,41093749999999996E10	-3,19120077665808077E0
1,42265624999999996E10	-3,41489278616287262E0
1,43437499999999996E10	-3,65248883740207919E0
1,44609374999999996E10	-3,90785699482332882E0
1,45781249999999996E10	-4,18349215449032830E0
1,46953124999999996E10	-4,48097475309020243E0
1,48124999999999996E10	-4,80113895653280043E0
1,49296874999999996E10	-5,14413507129220626E0
1,50468749999999996E10	-5,50948365830916487E0
1,51640624999999996E10	-5,89616762955437412E0
1,52812499999999996E10	-6,30275919925634120E0
1,53984374999999996E10	-6,72752615967870149E0
1,55156249999999996E10	-7,16841909962601953E0
1,56328124999999996E10	-7,62282588594843791E0
1,57499999999999996E10	-8,08700430462948638E0
1,58437500000000009E10	-8,46159553665204633E0
1,59375000000000000E10	-8,83443225720616176E0
1,60312499999999991E10	-9,19947387027706043E0
1,61250000000000004E10	-9,54878286028156253E0
1,62187499999999996E10	-9,87262329681483664E0
1,63125000000000009E10	-1,01600951192363698E1
1,64062500000000000E10	-1,04004442310121692E1
1,64999999999999991E10	-1,05849515215723389E1
1,65468750000000009E10	-1,06545958466922364E1
1,65937500000000004E10	-1,07089189537290386E1
1,66406250000000000E10	-1,07481703366373504E1
1,66874999999999996E10	-1,07729260594973986E1
1,67343749999999991E10	-1,07840323862278131E1
1,67812500000000009E10	-1,07825177318351662E1
1,68281250000000004E10	-1,07694771445899451E1
1,68750000000000000E10	-1,07459359832796131E1
1,69218749999999996E10	-1,07127012667317367E1
1,69687499999999991E10	-1,06702105888514942E1
1,70156250000000009E10	-1,06183899812029403E1
1,70625000000000004E10	-1,05565341482596398E1
1,71093750000000000E10	-1,04832252918990831E1
1,71562499999999996E10	-1,03963098376544338E1
1,72031249999999991E10	-1,02929543692559311E1
1,72500000000000009E10	-1,01698004890000804E1
1,73124999999999996E10	-9,96855171447187338E0
1,73750000000000004E10	-9,71761624558789272E0
1,74374999999999991E10	-9,41115041166581534E0
1,75000000000000000E10	-9,04729281391604090E0
1,75625000000000009E10	-8,62924110305571368E0
1,76249999999999996E10	-8,16522872797814436E0
1,76875000000000004E10	-7,66740027714156547E0
1,77499999999999991E10	-7,15000428536221566E0
1,78125000000000000E10	-6,62749330243536861E0
1,78750000000000009E10	-6,11300001347108335E0
1,79374999999999996E10	-5,61739609514387439E0
1,80000000000000004E10	-5,14891072916833714E0


