        Frequency / GHz                S1,1/abs,dB
----------------------------------------------------------------------
                     0.1                   1.0773451e-07
                  0.1399                   -0.0036504527
                  0.1798                   -0.0084232856
              0.21969999                    -0.014245364
              0.25960001                    -0.021020558
              0.29949999                     -0.02863814
              0.33939999                    -0.036971047
                  0.3793                    -0.045878212
                  0.4192                    -0.055205158
              0.45910001                    -0.064787899
              0.49900001                    -0.074454067
              0.53890002                    -0.084026592
              0.57880002                    -0.093327019
              0.61870003                     -0.10217776
              0.65859997                     -0.11040875
              0.69849998                       -0.117861
              0.73839998                     -0.12438523
              0.77829999                     -0.12985654
              0.81819999                     -0.13417009
                  0.8581                     -0.13724321
                   0.898                      -0.1390308
              0.93790001                     -0.13951179
              0.97780001                     -0.13870419
                  1.0177                     -0.13665691
                  1.0576                     -0.13345617
                  1.0975                     -0.12921962
                  1.1374                     -0.12410188
                  1.1773                     -0.11828292
                  1.2172                     -0.11197136
                  1.2571                     -0.10539761
               1.2970001                    -0.098812077
                  1.3369                     -0.09247762
               1.3767999                    -0.086666151
                  1.4167                    -0.081652736
                  1.4566                    -0.077711493
                  1.4965                    -0.075110187
                  1.5364                    -0.074107588
                  1.5763                    -0.074946336
                  1.6162                    -0.077852849
                  1.6561                    -0.083032412
                   1.696                    -0.090668037
                  1.7359                     -0.10091725
                  1.7758                      -0.1139128
               1.8157001                     -0.12976069
                  1.8556                     -0.14854051
               1.8954999                     -0.17030833
                  1.9354                     -0.19509348
                  1.9753                     -0.22290093
               2.0151999                     -0.25371855
                  2.0551                     -0.28751164
                   2.095                     -0.32423201
               2.1349001                     -0.36381534
               2.1747999                     -0.40618912
                  2.2147                     -0.45127147
                  2.2546                      -0.4989778
               2.2945001                     -0.54922089
               2.3343999                     -0.60191722
                  2.3743                     -0.65698877
               2.4142001                      -0.7143634
               2.4540999                     -0.77397955
                   2.494                     -0.83578986
                  2.5339                     -0.89975576
               2.5738001                     -0.96585822
               2.6136999                      -1.0340905
                  2.6536                        -1.10446
                  2.6935                      -1.1769909
               2.7334001                       -1.251714
               2.7732999                      -1.3286741
                  2.8132                      -1.4079199
               2.8531001                       -1.489505
               2.8929999                      -1.5734771
                  2.9329                      -1.6598803
                  2.9728                      -1.7487443
               3.0127001                      -1.8400787
               3.0525999                      -1.9338693
                  3.0925                      -2.0300669
                  3.1324                      -2.1285831
               3.1723001                      -2.2292822
               3.2121999                       -2.331975
                  3.2521                      -2.4364109
               3.2920001                      -2.5422728
               3.3318999                      -2.6491736
               3.3717999                      -2.7566514
                  3.4117                      -2.8641716
               3.4516001                      -2.9711236
               3.4914999                      -3.0768317
                  3.5314                      -3.1805562
                  3.5713                      -3.2815113
               3.6112001                      -3.3788768
               3.6510999                      -3.4718196
                   3.691                      -3.5595167
                  3.7309                      -3.6411777
               3.7708001                      -3.7160843
               3.8106999                      -3.7836023
                  3.8506                      -3.8432234
               3.8905001                      -3.8945809
               3.9303999                      -3.9374709
                  3.9703                      -3.9718674
                  4.0102                      -3.9979283
               4.0500998                      -4.0159872
               4.0900002                      -4.0265504
                  4.1299                      -4.0302768
               4.1697998                       -4.027952
               4.2097001                      -4.0204657
               4.2495999                      -4.0087812
               4.2895002                      -3.9939026
               4.3294001                      -3.9768495
               4.3692999                      -3.9586263
               4.4092002                       -3.940205
                  4.4491                      -3.9224953
               4.4889998                      -3.9063429
               4.5289001                       -3.892504
                  4.5688                      -3.8816458
               4.6086998                      -3.8743415
               4.6486001                      -3.8710641
               4.6884999                       -3.872192
               4.7284002                      -3.8780083
               4.7683001                      -3.8887094
               4.8081999                      -3.9044082
               4.8481002                      -3.9251399
                   4.888                       -3.950875
               4.9278998                      -3.9815218
               4.9678001                       -4.016941
                  5.0077                      -4.0569478
               5.0475998                      -4.1013302
               5.0875001                      -4.1498479
               5.1273999                      -4.2022483
               5.1673002                      -4.2582736
               5.2072001                      -4.3176665
               5.2470999                      -4.3801798
               5.2870002                      -4.4455814
                  5.3269                      -4.5136595
               5.3667998                      -4.5842263
               5.4067001                      -4.6571281
                  5.4466                      -4.7322397
               5.4864998                      -4.8094684
               5.5264001                      -4.8887617
               5.5662999                      -4.9700957
               5.6062002                      -5.0534875
                  5.6461                      -5.1389818
               5.6859999                      -5.2266627
               5.7259002                       -5.316641
                  5.7658                      -5.4090647
               5.8056998                       -5.504103
               5.8456001                      -5.6019591
                  5.8855                      -5.7028667
               5.9253998                      -5.8070793
               5.9653001                      -5.9148794
               6.0051999                      -6.0265728
               6.0451002                      -6.1424926
                   6.085                      -6.2629858
               6.1248999                      -6.3884249
               6.1648002                      -6.5191957
                  6.2047                      -6.6556953
               6.2445998                      -6.7983303
               6.2845001                      -6.9475076
               6.3243999                      -7.1036301
               6.3642998                      -7.2670868
               6.4042001                      -7.4382423
               6.4440999                      -7.6174292
               6.4840002                      -7.8049301
                  6.5239                      -8.0009663
               6.5637999                      -8.2056822
               6.6037002                      -8.4191203
                  6.6436                       -8.641204
               6.6834998                      -8.8717104
               6.7234001                      -9.1102428
               6.7632999                      -9.3562013
               6.8031998                      -9.6087454
               6.8431001                      -9.8667615
               6.8829999                      -10.128825
               6.9229002                      -10.393171
                  6.9628                      -10.657656
               7.0026999                      -10.919753
               7.0426002                      -11.176549
                  7.0825                      -11.424767
               7.1223998                      -11.660839
               7.1623001                       -11.88101
               7.2021999                       -12.08149
               7.2420998                       -12.25865
               7.2820001                      -12.409256
               7.3218999                       -12.53071
               7.3618002                      -12.621274
                  7.4017                      -12.680234
               7.4415998                      -12.707996
               7.4815001                      -12.706085
                  7.5214                      -12.677046
               7.5612998                      -12.624274
               7.6012001                      -12.551802
               7.6410999                      -12.464073
               7.6810002                       -12.36572
               7.7209001                      -12.261402
               7.7607999                      -12.155662
               7.8007002                      -12.052851
                  7.8406                      -11.957075
               7.8804998                      -11.872201
               7.9204001                       -11.80186
                  7.9603                        -11.7495
               8.0002003                      -11.718426
               8.0401001                      -11.711872
               8.0799999                      -11.733059
               8.1198997                      -11.785282
               8.1597996                      -11.871997
               8.1997004                      -11.996923
               8.2396002                      -12.164156
                  8.2795                      -12.378332
               8.3193998                      -12.644807
               8.3592997                      -12.969914
               8.3992004                      -13.361299
               8.4391003                      -13.828399
               8.4790001                      -14.383117
               8.5188999                      -15.040819
               8.5587997                      -15.821847
               8.5986996                       -16.75387
               8.6386003                       -17.87561
               8.6785002                      -19.242697
                  8.7184                      -20.935889
               8.7582998                      -23.064616
               8.7981997                       -25.70193
               8.8381004                      -28.334084
               8.8780003                      -28.517462
               8.9179001                      -25.799444
               8.9577999                      -22.804659
               8.9976997                      -20.303775
               9.0375996                      -18.258116
               9.0775003                      -16.555248
               9.1174002                      -15.109076
                  9.1573                      -13.860093
               9.1971998                      -12.767004
               9.2370996                      -11.800424
               9.2770004                      -10.938836
               9.3169003                      -10.166057
               9.3568001                      -9.4696081
               9.3966999                      -8.8396495
               9.4365997                       -8.268267
               9.4764996                       -7.748976
               9.5164003                      -7.2763749
               9.5563002                      -6.8458953
                  9.5962                      -6.4536187
               9.6360998                       -6.096141
               9.6759996                      -5.7704739
               9.7159004                      -5.4739661
               9.7558002                      -5.2042452
               9.7957001                      -4.9591775
               9.8355999                      -4.7368318
               9.8754997                      -4.5354566
               9.9153996                      -4.3534619
               9.9553003                      -4.1894077
               9.9952002                      -4.0419926
                 10.0351                      -3.9100488
                  10.075                       -3.792536
                 10.1149                      -3.6885432
                 10.1548                       -3.597279
                 10.1947                      -3.5180721
                 10.2346                      -3.4503694
                 10.2745                      -3.3937247
                 10.3144                      -3.3477984
                 10.3543                      -3.3123471
                 10.3942                      -3.2872184
                 10.4341                      -3.2723316
                  10.474                      -3.2676722
                 10.5139                      -3.2732795
                 10.5538                      -3.2892253
                 10.5937                      -3.3156043
                 10.6336                      -3.3525181
                 10.6735                      -3.4000518
                 10.7134                      -3.4582654
                 10.7533                      -3.5271693
                 10.7932                      -3.6067124
                 10.8331                      -3.6967575
                  10.873                      -3.7970666
                 10.9129                      -3.9072826
                 10.9528                      -4.0269059
                 10.9927                      -4.1552799
                 11.0326                      -4.2915713
                 11.0725                      -4.4347549
                 11.1124                      -4.5835989
                 11.1523                      -4.7366588
                 11.1922                      -4.8922723
                 11.2321                      -5.0485717
                  11.272                      -5.2034986
                 11.3119                      -5.3548417
                 11.3518                      -5.5002848
                 11.3917                       -5.637474
                 11.4316                      -5.7641027
                 11.4715                      -5.8780126
                 11.5114                      -5.9772803
                 11.5513                      -6.0603342
                 11.5912                      -6.1260284
                 11.6311                      -6.1737182
                  11.671                      -6.2032847
                 11.7109                      -6.2151394
                 11.7508                      -6.2101894
                 11.7907                       -6.189771
                 11.8306                      -6.1555611
                 11.8705                      -6.1094821
                 11.9104                      -6.0535966
                 11.9503                      -5.9900101
                 11.9902                       -5.920796
                 12.0301                      -5.8479169
                   12.07                       -5.773182
                 12.1099                      -5.6982113
                 12.1498                      -5.6244088
                 12.1897                      -5.5529603
                 12.2296                      -5.4848275
                 12.2695                      -5.4207508
                 12.3094                      -5.3612679
                 12.3493                      -5.3067188
                 12.3892                      -5.2572577
                 12.4291                       -5.212877
                  12.469                      -5.1734117
                 12.5089                      -5.1385615
                 12.5488                      -5.1079079
                 12.5887                      -5.0809237
                 12.6286                      -5.0569988
                 12.6685                      -5.0354559
                 12.7084                      -5.0155723
                 12.7483                      -4.9965984
                 12.7882                      -4.9777844
                 12.8281                      -4.9584034
                  12.868                      -4.9377727
                 12.9079                      -4.9152801
                 12.9478                      -4.8903995
                 12.9877                      -4.8627161
                 13.0276                      -4.8319321
                 13.0675                      -4.7978818
                 13.1074                      -4.7605312
                 13.1473                      -4.7199807
                 13.1872                      -4.6764527
                 13.2271                      -4.6302784
                  13.267                       -4.581885
                 13.3069                      -4.5317707
                 13.3468                       -4.480486
                 13.3867                      -4.4286075
                 13.4266                        -4.37672
                 13.4665                      -4.3253878
                 13.5064                      -4.2751457
                 13.5463                       -4.226475
                 13.5862                      -4.1797938
                 13.6261                      -4.1354471
                  13.666                      -4.0937015
                 13.7059                      -4.0547416
                 13.7458                      -4.0186715
                 13.7857                       -3.985518
                 13.8256                      -3.9552375
                 13.8655                      -3.9277234
                 13.9054                      -3.9028195
                 13.9453                       -3.880331
                 13.9852                      -3.8600363
                 14.0251                      -3.8417036
                  14.065                      -3.8251066
                 14.1049                      -3.8100312
                 14.1448                      -3.7962911
                 14.1847                      -3.7837434
                 14.2246                      -3.7722863
                 14.2645                       -3.761868
                 14.3044                       -3.752493
                 14.3443                      -3.7442123
                 14.3842                      -3.7371231
                 14.4241                      -3.7313611
                  14.464                      -3.7270851
                 14.5039                       -3.724474
                 14.5438                      -3.7236976
                 14.5837                      -3.7249207
                 14.6236                      -3.7282715
                 14.6635                       -3.733836
                 14.7034                      -3.7416399
                 14.7433                      -3.7516453
                 14.7832                      -3.7637311
                 14.8231                      -3.7776953
                  14.863                      -3.7932473
                 14.9029                      -3.8100155
                 14.9428                      -3.8275449
                 14.9827                      -3.8453161
                 15.0226                      -3.8627508
                 15.0625                      -3.8792381
                 15.1024                      -3.8941531
                 15.1423                      -3.9068847
                 15.1822                      -3.9168611
                 15.2221                      -3.9235836
                  15.262                      -3.9266465
                 15.3019                      -3.9257658
                 15.3418                      -3.9208008
                 15.3817                      -3.9117669
                 15.4216                      -3.8988413
                 15.4615                      -3.8823697
                 15.5014                      -3.8628524
                 15.5413                      -3.8409342
                 15.5812                      -3.8173828
                 15.6211                      -3.7930697
                  15.661                      -3.7689373
                 15.7009                      -3.7459796
                 15.7408                      -3.7252073
                 15.7807                       -3.707629
                 15.8206                      -3.6942276
                 15.8605                      -3.6859385
                 15.9004                      -3.6836342
                 15.9403                      -3.6881162
                 15.9802                      -3.7001003
                 16.0201                      -3.7202119
               16.059999                      -3.7489816
               16.099899                      -3.7868439
               16.139799                       -3.834139
               16.179701                      -3.8911098
               16.219601                      -3.9579063
               16.259501                      -4.0345919
                 16.2994                      -4.1211452
                 16.3393                      -4.2174609
                 16.3792                      -4.3233643
                 16.4191                      -4.4386129
                  16.459                      -4.5629007
               16.498899                      -4.6958754
               16.538799                      -4.8371385
               16.578699                      -4.9862597
               16.618601                      -5.1427892
               16.658501                      -5.3062625
                 16.6984                      -5.4762219
                 16.7383                      -5.6522233
                 16.7782                      -5.8338505
                 16.8181                      -6.0207248
                  16.858                      -6.2125271
                 16.8979                      -6.4089926
               16.937799                      -6.6099338
               16.977699                      -6.8152389
               17.017599                      -7.0248776
               17.057501                      -7.2389062
               17.097401                      -7.4574591
                 17.1373                      -7.6807491
                 17.1772                      -7.9090543
                 17.2171                      -8.1427088
                  17.257                      -8.3820864
                 17.2969                      -8.6275833
                 17.3368                      -8.8795959
               17.376699                      -9.1384935
               17.416599                      -9.4045935
               17.456499                      -9.6781265
               17.496401                      -9.9592017
               17.536301                      -10.247759
                 17.5762                      -10.543526
                 17.6161                      -10.845953
                  17.656                      -11.154161
                 17.6959                      -11.466847
                 17.7358                      -11.782224
                 17.7757                      -12.097924
               17.815599                      -12.410916
               17.855499                      -12.717444
               17.895399                      -13.012981
               17.935301                       -13.29226
               17.975201                      -13.549365
                 18.0151                      -13.777949
                  18.055                      -13.971561
                 18.0949                      -14.124107
                 18.1348                      -14.230378
                 18.1747                      -14.286579
                 18.2146                      -14.290758
               18.254499                      -14.243038
               18.294399                       -14.14559
               18.334299                      -14.002377
               18.374201                      -13.818691
               18.414101                      -13.600632
                  18.454                      -13.354592
                 18.4939                      -13.086821
                 18.5338                      -12.803129
                 18.5737                      -12.508695
                 18.6136                      -12.207988
                 18.6535                      -11.904765
               18.693399                      -11.602111
               18.733299                      -11.302519
               18.773199                      -11.007963
               18.813101                      -10.719983
               18.853001                      -10.439759
                 18.8929                      -10.168178
                 18.9328                      -9.9058919
                 18.9727                      -9.6533559
                 19.0126                       -9.410875
                 19.0525                       -9.178627
                 19.0924                      -8.9566841
               19.132299                      -8.7450376
               19.172199                      -8.5436004
               19.212099                      -8.3522242
               19.252001                      -8.1707026
               19.291901                      -7.9987769
                 19.3318                      -7.8361378
                 19.3717                      -7.6824289
                 19.4116                      -7.5372469
                 19.4515                      -7.4001434
                 19.4914                      -7.2706266
                 19.5313                      -7.1481633
               19.571199                      -7.0321796
               19.611099                      -6.9220681
               19.650999                      -6.8171894
               19.690901                      -6.7168796
               19.730801                      -6.6204584
                 19.7707                      -6.5272396
                 19.8106                      -6.4365358
                 19.8505                      -6.3476796
                 19.8904                      -6.2600304
                 19.9303                      -6.1729865
                 19.9702                      -6.0860035
               20.010099                      -5.9986031
               20.049999                       -5.910389
               20.089899                      -5.8210489
               20.129801                      -5.7303722
               20.169701                      -5.6382436
                 20.2096                      -5.5446541
                 20.2495                      -5.4496893
                 20.2894                      -5.3535302
                 20.3293                      -5.2564472
                 20.3692                      -5.1587778
                 20.4091                      -5.0609265
               20.448999                      -4.9633461
               20.488899                      -4.8665201
               20.528799                      -4.7709521
               20.568701                      -4.6771488
               20.608601                      -4.5856104
                 20.6485                      -4.4968147
                 20.6884                      -4.4112137
                 20.7283                      -4.3292158
                 20.7682                      -4.2511906
                 20.8081                      -4.1774554
                  20.848                      -4.1082775
               20.887899                      -4.0438738
               20.927799                      -3.9844037
               20.967699                      -3.9299821
               21.007601                      -3.8806702
               21.047501                       -3.836491
                 21.0874                      -3.7974261
                 21.1273                      -3.7634201
                 21.1672                       -3.734395
                 21.2071                      -3.7102462
                  21.247                      -3.6908558
                 21.2869                      -3.6760931
               21.326799                      -3.6658272
               21.366699                      -3.6599252
               21.406601                      -3.6582627
               21.446501                      -3.6607222
               21.486401                      -3.6672028
                 21.5263                      -3.6776161
                 21.5662                      -3.6918925
                 21.6061                      -3.7099763
                  21.646                      -3.7318259
                 21.6859                      -3.7574127
                 21.7258                      -3.7867198
               21.765699                      -3.8197301
               21.805599                      -3.8564287
               21.845501                      -3.8967938
               21.885401                      -3.9407958
               21.925301                       -3.988383
                 21.9652                      -4.0394865
                 22.0051                      -4.0940071
                  22.045                      -4.1518172
                 22.0849                      -4.2127535
                 22.1248                      -4.2766161
                 22.1647                      -4.3431719
               22.204599                      -4.4121502
               22.244499                      -4.4832462
               22.284401                      -4.5561332
               22.324301                      -4.6304547
               22.364201                      -4.7058461
                 22.4041                      -4.7819325
                  22.444                      -4.8583459
                 22.4839                       -4.934732
                 22.5238                      -5.0107647
                 22.5637                      -5.0861509
                 22.6036                      -5.1606469
               22.643499                      -5.2340581
               22.683399                      -5.3062572
               22.723301                      -5.3771734
               22.763201                      -5.4468084
               22.803101                      -5.5152204
                  22.843                      -5.5825372
                 22.8829                      -5.6489296
                 22.9228                      -5.7146189
                 22.9627                      -5.7798551
                 23.0026                      -5.8449121
                 23.0425                      -5.9100699
               23.082399                      -5.9756067
               23.122299                      -6.0417786
               23.162201                      -6.1088161
               23.202101                      -6.1769105
               23.242001                      -6.2461992
                 23.2819                       -6.316771
                 23.3218                      -6.3886498
                 23.3617                      -6.4617972
                 23.4016                       -6.536109
                 23.4415                      -6.6114196
                 23.4814                      -6.6874981
               23.521299                      -6.7640654
               23.561199                      -6.8407884
               23.601101                       -6.917295
               23.641001                      -6.9931828
               23.680901                       -7.068029
                 23.7208                      -7.1414017
                 23.7607                      -7.2128731
                 23.8006                      -7.2820258
                 23.8405                      -7.3484687
                 23.8804                      -7.4118442
                 23.9203                      -7.4718342
               23.960199                      -7.5281731
               24.000099                      -7.5806396
               24.040001                      -7.6290731
               24.079901                      -7.6733642
               24.119801                       -7.713453
                 24.1597                      -7.7493265
                 24.1996                      -7.7810133
                 24.2395                      -7.8085718
                 24.2794                      -7.8320831
                 24.3193                      -7.8516428
                 24.3592                      -7.8673486
               24.399099                      -7.8792889
               24.438999                      -7.8875373
               24.478901                      -7.8921385
               24.518801                      -7.8931073
               24.558701                      -7.8904151
                 24.5986                      -7.8839925
                 24.6385                      -7.8737273
                 24.6784                      -7.8594581
                 24.7183                      -7.8409927
                 24.7582                      -7.8181027
                 24.7981                      -7.7905413
               24.837999                      -7.7580562
               24.877899                      -7.7204067
               24.917801                      -7.6773822
               24.957701                      -7.6288202
               24.997601                       -7.574631
                 25.0375                      -7.5148175
                 25.0774                      -7.4494866
                 25.1173                      -7.3788709
                 25.1572                      -7.3033366
                 25.1971                      -7.2233866
                  25.237                      -7.1396596
               25.276899                      -7.0529275
               25.316799                       -6.964075
               25.356701                      -6.8740964
               25.396601                      -6.7840654
               25.436501                      -6.6951172
                 25.4764                       -6.608427
                 25.5163                      -6.5251837
                 25.5562                      -6.4465726
                 25.5961                      -6.3737513
                  25.636                      -6.3078336
                 25.6759                      -6.2498738
               25.715799                      -6.2008537
               25.755699                      -6.1616681
               25.795601                      -6.1331195
               25.835501                      -6.1159115
               25.875401                      -6.1106381
                 25.9153                      -6.1177819
                 25.9552                      -6.1377105
                 25.9951                      -6.1706691
                  26.035                      -6.2167804
                 26.0749                      -6.2760437
               26.114799                      -6.3483236
               26.154699                      -6.4333573
               26.194599                      -6.5307506
               26.234501                      -6.6399728
               26.274401                      -6.7603648
               26.314301                      -6.8911413
                 26.3542                       -7.031395
                 26.3941                      -7.1801097
                  26.434                      -7.3361771
                 26.4739                       -7.498408
                 26.5138                      -7.6655652
               26.553699                      -7.8363822
               26.593599                      -8.0095982
               26.633499                      -8.1839843
               26.673401                      -8.3583755
               26.713301                      -8.5316958
               26.753201                      -8.7029717
                 26.7931                      -8.8713436
                  26.833                      -9.0360566
                 26.8729                      -9.1964477
                 26.9128                       -9.351904
                 26.9527                       -9.501826
               26.992599                      -9.6455651
               27.032499                      -9.7823623
               27.072399                      -9.9112955
               27.112301                      -10.031212
               27.152201                      -10.140704
               27.192101                      -10.238085
                  27.232                      -10.321414
                 27.2719                      -10.388545
                 27.3118                      -10.437234
                 27.3517                      -10.465276
                 27.3916                      -10.470667
               27.431499                      -10.451803
               27.471399                      -10.407653
               27.511299                      -10.337895
               27.551201                      -10.243023
               27.591101                      -10.124347
               27.631001                      -9.9839494
                 27.6709                      -9.8245599
                 27.7108                      -9.6493855
                 27.7507                      -9.4619348
                 27.7906                      -9.2658212
                 27.8305                       -9.064611
               27.870399                       -8.861685
               27.910299                      -8.6601537
               27.950199                      -8.4627863
               27.990101                      -8.2719915
               28.030001                      -8.0898071
               28.069901                      -7.9179149
                 28.1098                      -7.7576631
                 28.1497                      -7.6100955
                 28.1896                      -7.4759864
                 28.2295                      -7.3558748
                 28.2694                      -7.2500973
               28.309299                      -7.1588233
               28.349199                      -7.0820798
               28.389099                      -7.0197871
               28.429001                      -6.9717817
               28.468901                      -6.9378417
               28.508801                      -6.9177157
                 28.5487                      -6.9111369
                 28.5886                      -6.9178525
                 28.6285                       -6.937639
                 28.6684                      -6.9703244
                 28.7083                      -7.0158028
               28.748199                      -7.0740471
               28.788099                      -7.1451282
               28.827999                      -7.2292218
               28.867901                      -7.3266181
               28.907801                      -7.4377255
               28.947701                      -7.5630756
                 28.9876                      -7.7033288
                 29.0275                      -7.8592674
                 29.0674                      -8.0317986
                 29.1073                      -8.2219489
                 29.1472                      -8.4308633
               29.187099                      -8.6598026
               29.226999                      -8.9101366
               29.266899                      -9.1833454
               29.306801                      -9.4810123
               29.346701                      -9.8048273
                 29.3866                      -10.156578
                 29.4265                      -10.538145
                 29.4664                      -10.951483
                 29.5063                      -11.398604
                 29.5462                      -11.881518
                 29.5861                      -12.402157
               29.625999                       -12.96223
               29.665899                      -13.562977
               29.705799                       -14.20477
               29.745701                      -14.886457
               29.785601                      -15.604326
                 29.8255                      -16.350515
                 29.8654                      -17.110727
                 29.9053                      -17.861349
                 29.9452                      -18.566717
                 29.9851                      -19.178627
                  30.025                      -19.641621
               30.064899                      -19.906552
               30.104799                      -19.948651
               30.144699                      -19.778611
               30.184601                      -19.437524
               30.224501                      -18.980038
                 30.2644                      -18.458008
                 30.3043                      -17.911996
                 30.3442                      -17.369892
                 30.3841                      -16.849114
                  30.424                      -16.359574
                 30.4639                      -15.906247
               30.503799                      -15.491026
               30.543699                      -15.113964
               30.583599                      -14.774058
               30.623501                      -14.469733
               30.663401                      -14.199144
                 30.7033                      -13.960335
                 30.7432                      -13.751336
                 30.7831                      -13.570211
                  30.823                      -13.415068
                 30.8629                      -13.284063
                 30.9028                      -13.175382
               30.942699                      -13.087224
               30.982599                      -13.017776
               31.022499                      -12.965184
               31.062401                       -12.92754
               31.102301                      -12.902853
                 31.1422                      -12.889041
                 31.1821                      -12.883926
                  31.222                      -12.885237
                 31.2619                      -12.890632
                 31.3018                       -12.89773
                 31.3417                      -12.904164
               31.381599                      -12.907644
               31.421499                      -12.906029
               31.461399                      -12.897415
               31.501301                      -12.880212
               31.541201                      -12.853215
                 31.5811                      -12.815663
                  31.621                       -12.76726
                 31.6609                      -12.708181
                 31.7008                      -12.639034
                 31.7407                       -12.56081
                 31.7806                      -12.474802
               31.820499                      -12.382513
               31.860399                      -12.285565
               31.900299                      -12.185618
               31.940201                      -12.084279
               31.980101                      -11.983054
                   32.02                      -11.883296
               32.059898                      -11.786175
                 32.0998                      -11.692668
               32.139702                      -11.603563
                 32.1796                      -11.519467
               32.219501                      -11.440829
               32.259399                      -11.367975
               32.299301                      -11.301134
               32.339199                      -11.240478
               32.379101                      -11.186157
               32.418999                      -11.138338
                 32.4589                      -11.097235
               32.498798                      -11.063133
                 32.5387                      -11.036408
               32.578602                      -11.017546
                 32.6185                      -11.007133
               32.658401                      -11.005862
               32.698299                       -11.01451
               32.738201                      -11.033919
               32.778099                      -11.064953
               32.818001                      -11.108473
               32.857899                      -11.165267
                 32.8978                      -11.236001
               32.937698                      -11.321149
                 32.9776                      -11.420905
               33.017502                      -11.535091
                 33.0574                      -11.663042
               33.097301                      -11.803485
               33.137199                      -11.954394
               33.177101                      -12.112851
               33.216999                      -12.274905
               33.256901                      -12.435472
               33.296799                       -12.58831
                 33.3367                       -12.72612
               33.376598                      -12.840828
                 33.4165                      -12.924093
               33.456402                      -12.968036
                 33.4963                      -12.966109
               33.536201                       -12.91396
               33.576099                      -12.810079
               33.616001                       -12.65605
               33.655899                       -12.45634
               33.695801                      -12.217675
               33.735699                      -11.948192
                 33.7756                      -11.656563
               33.815498                      -11.351249
                 33.8554                      -11.039979
               33.895302                      -10.729446
                 33.9352                      -10.425195
               33.975101                      -10.131636
               34.014999                      -9.8521298
               34.054901                      -9.5891272
               34.094799                      -9.3442921
               34.134701                      -9.1186418
               34.174599                      -8.9126525
                 34.2145                      -8.7263666
               34.254398                      -8.5594673
                 34.2943                      -8.4113502
               34.334202                      -8.2811807
                 34.3741                       -8.167946
               34.414001                      -8.0704959
               34.453899                      -7.9875858
               34.493801                       -7.917919
               34.533699                      -7.8601857
               34.573601                      -7.8131025
               34.613499                      -7.7754519
                 34.6534                      -7.7461266
               34.693298                      -7.7241605
                 34.7332                      -7.7087653
               34.773102                      -7.6993559
                  34.813                      -7.6955765
               34.852901                      -7.6973008
               34.892799                      -7.7046388
               34.932701                      -7.7179313
               34.972599                        -7.73772
               35.012501                      -7.7647347
               35.052399                      -7.7998517
                 35.0923                       -7.844058
               35.132198                      -7.8984152
                 35.1721                      -7.9640156
               35.212002                      -8.0419459
                 35.2519                      -8.1332454
               35.291801                       -8.238873
               35.331699                      -8.3596673
               35.371601                      -8.4963131
               35.411499                      -8.6493023
               35.451401                      -8.8188965
               35.491299                      -9.0050857
                 35.5312                      -9.2075335
               35.571098                      -9.4255305
                  35.611                      -9.6579303
               35.650902                      -9.9030896
                 35.6908                      -10.158799
               35.730701                      -10.422221
               35.770599                      -10.689856
               35.810501                      -10.957516
               35.850399                      -11.220375
               35.890301                       -11.47307
               35.930199                      -11.709898
                 35.9701                      -11.925122
               36.009998                      -12.113344
                 36.0499                      -12.269959
               36.089802                      -12.391568
                 36.1297                      -12.476332
               36.169601                      -12.524147
               36.209499                      -12.536641
               36.249401                      -12.516952
               36.289299                       -12.46938
               36.329201                      -12.398952
               36.369099                      -12.310995
                  36.409                      -12.210775
               36.448898                      -12.103212
                 36.4888                      -11.992713
               36.528702                      -11.883082
                 36.5686                      -11.777503
               36.608501                       -11.67856
               36.648399                      -11.588309
               36.688301                      -11.508333
               36.728199                      -11.439826
               36.768101                      -11.383661
               36.807999                      -11.340456
                 36.8479                       -11.31063
               36.887798                      -11.294453
                 36.9277                      -11.292086
               36.967602                      -11.303616
                 37.0075                      -11.329076
               37.047401                      -11.368469
               37.087299                      -11.421785
               37.127201                      -11.489007
               37.167099                      -11.570115
               37.207001                      -11.665104
               37.246899                      -11.773976
                 37.2868                      -11.896741
               37.326698                      -12.033429
                 37.3666                      -12.184083
               37.406502                      -12.348768
                 37.4464                       -12.52758
               37.486301                       -12.72065
               37.526199                      -12.928159
               37.566101                      -13.150357
               37.605999                      -13.387579
               37.645901                      -13.640278
               37.685799                      -13.909052
                 37.7257                      -14.194684
               37.765598                      -14.498184
                 37.8055                      -14.820841
               37.845402                      -15.164277
                 37.8853                      -15.530529
               37.925201                      -15.922107
               37.965099                      -16.342118
               38.005001                      -16.794369
               38.044899                       -17.28353
               38.084801                      -17.815355
               38.124699                      -18.396953
                 38.1646                      -19.037218
               38.204498                      -19.747421
                 38.2444                      -20.542134
               38.284302                       -21.44067
                 38.3242                      -22.469443
               38.364101                      -23.666069
               38.403999                      -25.086922
               38.443901                      -26.822357
               38.483799                      -29.030968
               38.523701                      -32.029493
               38.563599                       -36.57657
                 38.6035                      -44.089783
               38.643398                      -40.435335
                 38.6833                      -34.223776
               38.723202                      -30.445417
                 38.7631                      -27.796503
               38.803001                      -25.772152
               38.842899                      -24.143203
               38.882801                      -22.787824
               38.922699                      -21.633733
               38.962601                      -20.634517
               39.002499                      -19.758531
                 39.0424                       -18.98315
               39.082298                      -18.291557
                 39.1222                      -17.670831
               39.162102                      -17.110765
                  39.202                      -16.603099
               39.241901                      -16.140999
               39.281799                       -15.71872
               39.321701                      -15.331355
               39.361599                      -14.974673
               39.401501                      -14.644996
               39.441399                      -14.339117
                 39.4813                      -14.054235
               39.521198                      -13.787921
                 39.5611                      -13.538077
               39.601002                      -13.302921
                 39.6409                      -13.080958
               39.680801                      -12.870969
               39.720699                      -12.671982
               39.760601                      -12.483259
               39.800499                      -12.304271
               39.840401                      -12.134674
               39.880299                      -11.974282
                 39.9202                      -11.823044
               39.960098                       -11.68102
                      40                      -11.548349

