        Frequency / GHz                S1,1/abs,dB
----------------------------------------------------------------------
                     0,1                      0,16457003
                  0,1179                      0,15855064
                  0,1358                      0,15163702
              0,15369999                      0,14387335
                  0,1716                      0,13530801
                  0,1895                      0,12599332
              0,20739999                       0,1159873
                  0,2253                      0,10535436
                  0,2432                     0,094157091
              0,26109999                     0,082468163
              0,27900001                     0,070360317
                  0,2969                     0,057907012
              0,31479999                     0,045187843
              0,33270001                      0,03228166
                  0,3506                      0,01926872
              0,36849999                    0,0062308657
              0,38640001                   -0,0067526997
                  0,4043                    -0,019600702
              0,42219999                    -0,032234634
              0,44010001                    -0,044578145
                   0,458                    -0,056556267
              0,47589999                    -0,068098361
              0,49380001                     -0,07913697
              0,51169997                    -0,089609977
              0,52960002                    -0,099457768
              0,54750001                     -0,10862813
                  0,5654                     -0,11707485
              0,58329999                     -0,12475529
              0,60119998                     -0,13163603
              0,61909997                     -0,13768983
              0,63700002                      -0,1428952
              0,65490001                     -0,14723868
                  0,6728                     -0,15071518
              0,69069999                      -0,1533243
              0,70859998                     -0,15507417
              0,72649997                     -0,15598091
              0,74440002                     -0,15606495
              0,76230001                     -0,15535427
                  0,7802                      -0,1538838
              0,79809999                     -0,15169363
              0,81599998                     -0,14882795
              0,83389997                     -0,14533697
              0,85180002                     -0,14127606
              0,86970001                      -0,1367012
                  0,8876                     -0,13167488
              0,90549999                     -0,12625956
              0,92339998                     -0,12052176
              0,94129997                     -0,11452749
              0,95920002                      -0,1083452
              0,97710001                     -0,10204225
                   0,995                    -0,095686191
                  1,0129                    -0,089343865
                  1,0308                    -0,083080666
                  1,0487                    -0,076961365
                  1,0666                    -0,071046133
                  1,0845                    -0,065394023
               1,1023999                    -0,060061064
               1,1203001                    -0,055100019
                  1,1382                    -0,050559508
                  1,1561                     -0,04648519
                   1,174                    -0,042918685
                  1,1919                    -0,039896032
                  1,2098                    -0,037450958
                  1,2277                    -0,035610723
                  1,2456                    -0,034399102
                  1,2635                    -0,033836372
                  1,2814                    -0,033937092
                  1,2993                    -0,034710083
               1,3171999                    -0,036163557
               1,3351001                     -0,03829672
                   1,353                    -0,041107805
                  1,3709                    -0,044589123
                  1,3888                    -0,048731386
                  1,4067                    -0,053519724
                  1,4246                    -0,058934642
                  1,4425                    -0,064955758
                  1,4604                    -0,071557974
                  1,4783                    -0,078714391
                  1,4962                    -0,086395426
                  1,5141                    -0,094567078
               1,5319999                     -0,10319754
               1,5499001                      -0,1122503
                  1,5678                     -0,12168752
                  1,5857                     -0,13147208
                  1,6036                     -0,14156418
                  1,6215                      -0,1519256
                  1,6394                     -0,16251757
                  1,6573                     -0,17330029
                  1,6752                      -0,1842372
                  1,6931                        -0,19529
                   1,711                     -0,20642444
                  1,7289                     -0,21760503
               1,7467999                     -0,22880133
               1,7647001                     -0,23998226
                  1,7826                     -0,25112164
                  1,8005                     -0,26219367
                  1,8184                     -0,27317744
                  1,8363                     -0,28405449
                  1,8542                     -0,29480834
                  1,8721                     -0,30542833
                    1,89                     -0,31590543
                  1,9079                     -0,32623417
                  1,9258                     -0,33641341
                  1,9437                     -0,34644704
               1,9615999                     -0,35633933
               1,9795001                     -0,36610022
                  1,9974                     -0,37574277
                  2,0153                     -0,38528345
                  2,0332                     -0,39474199
                  2,0511                     -0,40414029
                   2,069                     -0,41350528
                  2,0869                      -0,4228639
                  2,1048                     -0,43224822
                  2,1227                     -0,44169116
                  2,1406                      -0,4512278
                  2,1585                     -0,46089701
               2,1763999                     -0,47073426
               2,1942999                     -0,48078325
               2,2121999                     -0,49108215
               2,2300999                     -0,50167585
               2,2479999                     -0,51260422
               2,2658999                     -0,52391097
               2,2837999                     -0,53564038
               2,3017001                     -0,54783458
               2,3196001                     -0,56053459
               2,3375001                      -0,5737834
               2,3554001                     -0,58762126
               2,3733001                     -0,60208807
               2,3912001                     -0,61722274
               2,4091001                     -0,63306303
                   2,427                     -0,64964287
                  2,4449                      -0,6669965
                  2,4628                     -0,68515629
                  2,4807                      -0,7041522
                  2,4986                     -0,72401103
                  2,5165                     -0,74475802
                  2,5344                     -0,76641815
                  2,5523                     -0,78901042
                  2,5702                     -0,81255323
                  2,5881                     -0,83706259
               2,6059999                     -0,86255042
               2,6238999                     -0,88902755
               2,6417999                     -0,91650169
               2,6596999                     -0,94497707
               2,6775999                     -0,97445626
               2,6954999                      -1,0049374
               2,7133999                      -1,0364185
               2,7313001                      -1,0688915
               2,7492001                       -1,102348
               2,7671001                      -1,1367765
               2,7850001                      -1,1721618
               2,8029001                      -1,2084867
               2,8208001                      -1,2457318
               2,8387001                      -1,2838744
                  2,8566                      -1,3228886
                  2,8745                      -1,3627486
                  2,8924                       -1,403424
                  2,9103                      -1,4448819
                  2,9282                      -1,4870882
                  2,9461                       -1,530007
                   2,964                      -1,5735991
                  2,9819                      -1,6178245
                  2,9998                       -1,662641
                  3,0177                      -1,7080035
               3,0355999                      -1,7538678
               3,0534999                      -1,8001873
               3,0713999                      -1,8469129
               3,0892999                       -1,893996
               3,1071999                      -1,9413853
               3,1250999                      -1,9890317
               3,1429999                      -2,0368815
               3,1609001                      -2,0848828
               3,1788001                      -2,1329841
               3,1967001                      -2,1811328
               3,2146001                      -2,2292746
               3,2325001                      -2,2773592
               3,2504001                      -2,3253323
               3,2683001                      -2,3731435
                  3,2862                      -2,4207413
                  3,3041                      -2,4680766
                   3,322                      -2,5150981
                  3,3399                      -2,5617586
                  3,3578                      -2,6080108
                  3,3757                      -2,6538087
                  3,3936                      -2,6991073
                  3,4115                      -2,7438659
                  3,4294                      -2,7880395
                  3,4473                      -2,8315914
               3,4651999                      -2,8744812
               3,4830999                      -2,9166739
               3,5009999                      -2,9581335
               3,5188999                      -2,9988274
               3,5367999                      -3,0387248
               3,5546999                      -3,0777948
               3,5725999                      -3,1160111
               3,5905001                      -3,1533453
               3,6084001                      -3,1897747
               3,6263001                      -3,2252753
               3,6442001                      -3,2598264
               3,6621001                      -3,2934073
               3,6800001                      -3,3259991
               3,6979001                      -3,3575854
                  3,7158                      -3,3881511
                  3,7337                      -3,4176811
                  3,7516                      -3,4461623
                  3,7695                      -3,4735838
                  3,7874                      -3,4999338
                  3,8053                      -3,5252042
                  3,8232                       -3,549388
                  3,8411                       -3,572477
                   3,859                      -3,5944678
                  3,8769                      -3,6153553
               3,8947999                      -3,6351378
               3,9126999                       -3,653814
               3,9305999                      -3,6713862
               3,9484999                      -3,6878544
               3,9663999                      -3,7032251
               3,9842999                       -3,717504
               4,0022001                      -3,7306983
               4,0201001                      -3,7428189
               4,0380001                       -3,753878
               4,0559001                      -3,7638895
               4,0738001                      -3,7728716
               4,0917001                      -3,7808412
               4,1096001                      -3,7878212
               4,1275001                       -3,793837
                  4,1454                      -3,7989143
                  4,1633                       -3,803083
                  4,1812                      -3,8063759
                  4,1991                       -3,808826
                   4,217                      -3,8104731
                  4,2349                      -3,8113555
                  4,2528                      -3,8115173
                  4,2707                      -3,8110016
                  4,2886                      -3,8098573
                  4,3065                      -3,8081341
               4,3243999                      -3,8058827
               4,3422999                      -3,8031572
               4,3601999                      -3,8000132
               4,3780999                      -3,7965076
               4,3959999                      -3,7926982
               4,4138999                      -3,7886446
               4,4317999                      -3,7844072
               4,4496999                      -3,7800462
               4,4675999                      -3,7756249
               4,4854999                      -3,7712017
               4,5033998                      -3,7668416
               4,5212998                      -3,7626032
               4,5391998                      -3,7585483
               4,5570998                      -3,7547355
               4,5749998                      -3,7512252
               4,5928998                      -3,7480739
               4,6107998                      -3,7453377
               4,6286998                      -3,7430705
               4,6465998                      -3,7413261
               4,6645002                      -3,7401536
               4,6824002                      -3,7396025
               4,7003002                      -3,7397181
               4,7182002                       -3,740544
               4,7361002                      -3,7421204
               4,7540002                      -3,7444851
               4,7719002                      -3,7476747
               4,7898002                      -3,7517208
               4,8077002                      -3,7566514
               4,8256001                      -3,7624952
               4,8435001                       -3,769273
               4,8614001                      -3,7770073
               4,8793001                      -3,7857134
               4,8972001                      -3,7954072
               4,9151001                      -3,8060974
               4,9330001                      -3,8177937
               4,9509001                      -3,8305019
               4,9688001                      -3,8442235
               4,9867001                      -3,8589576
                  5,0046                      -3,8747034
                  5,0225                      -3,8914541
                  5,0404                      -3,9092001
                  5,0583                      -3,9279332
                  5,0762                      -3,9476396
                  5,0941                      -3,9683072
                   5,112                      -3,9899176
                  5,1299                      -4,0124543
                  5,1478                      -4,0358976
                  5,1657                       -4,060225
               5,1835999                      -4,0854168
               5,2014999                      -4,1114506
               5,2193999                      -4,1383018
               5,2372999                      -4,1659455
               5,2551999                        -4,19436
               5,2730999                      -4,2235177
               5,2909999                      -4,2533976
               5,3088999                      -4,2839726
               5,3267999                      -4,3152211
               5,3446999                      -4,3471178
               5,3625998                      -4,3796423
               5,3804998                      -4,4127735
               5,3983998                      -4,4464892
               5,4162998                      -4,4807739
               5,4341998                       -4,515607
               5,4520998                      -4,5509749
               5,4699998                      -4,5868638
               5,4878998                      -4,6232618
               5,5057998                      -4,6601583
               5,5237002                       -4,697545
               5,5416002                      -4,7354171
               5,5595002                      -4,7737715
               5,5774002                      -4,8126062
               5,5953002                      -4,8519221
               5,6132002                      -4,8917245
               5,6311002                      -4,9320176
               5,6490002                      -4,9728104
               5,6669002                      -5,0141137
               5,6848001                      -5,0559423
               5,7027001                      -5,0983093
               5,7206001                       -5,141236
               5,7385001                       -5,184738
               5,7564001                      -5,2288439
               5,7743001                      -5,2735745
               5,7922001                      -5,3189581
               5,8101001                      -5,3650256
               5,8280001                      -5,4118059
               5,8459001                       -5,459336
                  5,8638                      -5,5076503
                  5,8817                      -5,5567851
                  5,8996                      -5,6067811
                  5,9175                        -5,65768
                  5,9354                      -5,7095258
                  5,9533                      -5,7623632
                  5,9712                      -5,8162376
                  5,9891                      -5,8711985
                   6,007                      -5,9272964
                  6,0249                      -5,9845823
               6,0427999                      -6,0431095
               6,0606999                      -6,1029327
               6,0785999                      -6,1641077
               6,0964999                      -6,2266919
               6,1143999                      -6,2907438
               6,1322999                      -6,3563232
               6,1501999                      -6,4234898
               6,1680999                      -6,4923069
               6,1859999                      -6,5628359
               6,2038999                      -6,6351407
               6,2217999                      -6,7092853
               6,2396998                      -6,7853341
               6,2575998                      -6,8633533
               6,2754998                      -6,9434062
               6,2933998                      -7,0255596
               6,3112998                      -7,1098773
               6,3291998                       -7,196425
               6,3470998                      -7,2852653
               6,3649998                      -7,3764613
               6,3829002                      -7,4700745
               6,4008002                       -7,566165
               6,4187002                       -7,664789
               6,4366002                      -7,7660028
               6,4545002                      -7,8698567
               6,4724002                       -7,976399
               6,4903002                      -8,0856735
               6,5082002                      -8,1977188
               6,5261002                      -8,3125671
               6,5440001                      -8,4302451
               6,5619001                      -8,5507718
               6,5798001                      -8,6741545
               6,5977001                       -8,800394
               6,6156001                        -8,92948
               6,6335001                        -9,06139
               6,6514001                      -9,1960839
               6,6693001                      -9,3335095
               6,6872001                      -9,4735983
               6,7051001                      -9,6162593
                   6,723                      -9,7613825
                  6,7409                      -9,9088353
                  6,7588                      -10,058458
                  6,7767                      -10,210064
                  6,7946                      -10,363436
                  6,8125                      -10,518326
                  6,8304                       -10,67445
                  6,8483                      -10,831485
                  6,8662                      -10,989073
                  6,8841                      -11,146813
                   6,902                      -11,304263
               6,9198999                      -11,460937
               6,9377999                      -11,616305
               6,9556999                        -11,7698
               6,9735999                      -11,920812
               6,9914999                      -12,068694
               7,0093999                       -12,21277
               7,0272999                      -12,352338
               7,0451999                      -12,486677
               7,0630999                      -12,615063
               7,0809999                      -12,736773
               7,0988998                      -12,851102
               7,1167998                      -12,957377
               7,1346998                      -13,054969
               7,1525998                      -13,143312
               7,1704998                      -13,221911
               7,1883998                      -13,290363
               7,2062998                      -13,348362
               7,2241998                      -13,395708
               7,2420998                      -13,432315
               7,2600002                      -13,458214
               7,2779002                      -13,473549
               7,2958002                      -13,478569
               7,3137002                      -13,473632
               7,3316002                      -13,459182
               7,3495002                      -13,435742
               7,3674002                      -13,403898
               7,3853002                      -13,364289
               7,4032001                      -13,317587
               7,4211001                      -13,264485
               7,4390001                      -13,205685
               7,4569001                      -13,141884
               7,4748001                      -13,073769
               7,4927001                      -13,001999
               7,5106001                      -12,927211
               7,5285001                      -12,850003
               7,5464001                       -12,77094
               7,5643001                      -12,690546
               7,5822001                      -12,609305
                  7,6001                      -12,527663
                   7,618                      -12,446027
                  7,6359                      -12,364763
                  7,6538                      -12,284207
                  7,6717                       -12,20466
                  7,6896                      -12,126391
                  7,7075                      -12,049644
                  7,7254                       -11,97464
                  7,7433                      -11,901573
                  7,7612                      -11,830624
               7,7790999                      -11,761954
               7,7969999                      -11,695714
               7,8148999                       -11,63204
               7,8327999                      -11,571063
               7,8506999                      -11,512905
               7,8685999                      -11,457687
               7,8864999                      -11,405524
               7,9043999                      -11,356535
               7,9222999                      -11,310835
               7,9401999                      -11,268547
               7,9580998                      -11,229793
               7,9759998                      -11,194705
               7,9938998                      -11,163416
               8,0117998                      -11,136073
               8,0297003                      -11,112829
               8,0475998                      -11,093843
               8,0655003                      -11,079288
               8,0833998                       -11,06935
               8,1013002                       -11,06422
               8,1191998                      -11,064109
               8,1371002                      -11,069239
               8,1549997                      -11,079842
               8,1729002                      -11,096173
               8,1907997                      -11,118496
               8,2087002                      -11,147097
               8,2265997                      -11,182276
               8,2445002                      -11,224358
               8,2623997                      -11,273683
               8,2803001                      -11,330617
               8,2981997                      -11,395551
               8,3161001                      -11,468903
               8,3339996                      -11,551119
               8,3519001                      -11,642681
               8,3697996                      -11,744103
               8,3877001                      -11,855942
               8,4055996                      -11,978802
               8,4235001                      -12,113337
               8,4413996                      -12,260257
                  8,4593                      -12,420343
               8,4771996                      -12,594446
                  8,4951                      -12,783509
               8,5129995                      -12,988573
                  8,5309                      -13,210795
               8,5488005                      -13,451469
                  8,5667                      -13,712049
               8,5846004                      -13,994177
                  8,6025                       -14,29972
               8,6204004                       -14,63081
               8,6382999                      -14,989902
               8,6562004                      -15,379844
               8,6740999                      -15,803955
               8,6920004                      -16,266142
               8,7098999                       -16,77104
               8,7278004                      -17,324181
               8,7456999                       -17,93223
               8,7636003                      -18,603268
               8,7814999                      -19,347129
               8,7994003                      -20,175784
               8,8172998                      -21,103618
               8,8352003                      -22,147264
               8,8530998                      -23,323836
               8,8710003                      -24,644362
               8,8888998                      -26,093431
               8,9068003                      -27,574216
               8,9246998                      -28,800365
               8,9426003                      -29,264803
               8,9604998                      -28,657549
               8,9784002                      -27,292029
               8,9962997                      -25,674637
               9,0142002                      -24,090131
               9,0320997                      -22,634528
               9,0500002                      -21,322959
               9,0678997                      -20,144339
               9,0858002                      -19,081562
               9,1036997                      -18,118031
               9,1216002                      -17,239397
               9,1394997                       -16,43373
               9,1574001                      -15,691229
               9,1752996                      -15,003849
               9,1932001                      -14,364959
               9,2110996                      -13,769053
               9,2290001                      -13,211533
               9,2468996                      -12,688522
               9,2648001                      -12,196726
               9,2826996                      -11,733331
               9,3006001                      -11,295911
               9,3184996                      -10,882363
                  9,3364                       -10,49085
               9,3542995                      -10,119761
                  9,3722                      -9,7676702
               9,3900995                      -9,4333153
                   9,408                      -9,1155676
               9,4259005                      -8,8134136
                  9,4438                       -8,525943
               9,4617004                      -8,2523281
                  9,4796                      -7,9918182
               9,4975004                      -7,7437264
               9,5153999                      -7,5074233
               9,5333004                      -7,2823307
               9,5511999                      -7,0679108
               9,5691004                      -6,8636654
               9,5869999                      -6,6691327
               9,6049004                       -6,483877
               9,6227999                      -6,3074913
               9,6407003                      -6,1395924
               9,6585999                      -5,9798166
               9,6765003                      -5,8278214
               9,6943998                      -5,6832766
               9,7123003                      -5,5458716
               9,7301998                      -5,4153055
               9,7481003                      -5,2912933
               9,7659998                      -5,1735554
               9,7839003                      -5,0618278
               9,8017998                      -4,9558502
               9,8197002                       -4,855375
               9,8375998                      -4,7601592
               9,8555002                      -4,6699667
               9,8733997                      -4,5845703
               9,8913002                      -4,5037471
               9,9091997                      -4,4272816
               9,9271002                      -4,3549616
               9,9449997                      -4,2865818
               9,9629002                      -4,2219463
               9,9807997                      -4,1608588
               9,9987001                      -4,1031334
                 10,0166                      -4,0485882
                 10,0345                      -3,9970475
                 10,0524                      -3,9483441
                 10,0703                      -3,9023161
                 10,0882                      -3,8588067
                 10,1061                      -3,8176694
                  10,124                      -3,7787641
                 10,1419                      -3,7419613
                 10,1598                      -3,7071349
                 10,1777                      -3,6741714
                 10,1956                       -3,642966
                 10,2135                      -3,6134204
                 10,2314                      -3,5854486
                 10,2493                      -3,5589743
                 10,2672                      -3,5339291
                 10,2851                      -3,5102566
                  10,303                       -3,487906
                 10,3209                      -3,4668446
                 10,3388                      -3,4470403
                 10,3567                      -3,4284776
                 10,3746                      -3,4111457
                 10,3925                       -3,395045
                 10,4104                      -3,3801851
                 10,4283                      -3,3665852
                 10,4462                      -3,3542684
                 10,4641                       -3,343269
                  10,482                      -3,3336271
                 10,4999                       -3,325387
                 10,5178                      -3,3186041
                 10,5357                      -3,3133321
                 10,5536                      -3,3096352
                 10,5715                      -3,3075789
                 10,5894                      -3,3072307
                 10,6073                      -3,3086647
                 10,6252                      -3,3119515
                 10,6431                      -3,3171683
                  10,661                      -3,3243896
                 10,6789                      -3,3336912
                 10,6968                      -3,3451475
                 10,7147                       -3,358834
                 10,7326                      -3,3748234
                 10,7505                      -3,3931843
                 10,7684                      -3,4139859
                 10,7863                      -3,4372935
                 10,8042                      -3,4631658
                 10,8221                       -3,491662
                   10,84                      -3,5228341
                 10,8579                      -3,5567305
                 10,8758                       -3,593392
                 10,8937                      -3,6328557
                 10,9116                      -3,6751519
                 10,9295                      -3,7203052
                 10,9474                      -3,7683315
                 10,9653                      -3,8192394
                 10,9832                      -3,8730331
                 11,0011                      -3,9297028
                  11,019                      -3,9892343
                 11,0369                      -4,0516026
                 11,0548                      -4,1167727
                 11,0727                      -4,1846996
                 11,0906                      -4,2553286
                 11,1085                      -4,3285926
                 11,1264                      -4,4044126
                 11,1443                      -4,4826975
                 11,1622                      -4,5633434
                 11,1801                      -4,6462325
                  11,198                      -4,7312346
                 11,2159                      -4,8182045
                 11,2338                      -4,9069803
                 11,2517                      -4,9973852
                 11,2696                      -5,0892305
                 11,2875                      -5,1823058
                 11,3054                      -5,2763891
                 11,3233                       -5,371243
                 11,3412                      -5,4666091
                 11,3591                      -5,5622185
                  11,377                      -5,6577876
                 11,3949                      -5,7530162
                 11,4128                      -5,8475935
                 11,4307                      -5,9411968
                 11,4486                      -6,0334945
                 11,4665                      -6,1241474
                 11,4844                       -6,212812
                 11,5023                      -6,2991433
                 11,5202                      -6,3827956
                 11,5381                      -6,4634314
                  11,556                      -6,5407178
                 11,5739                      -6,6143378
                 11,5918                      -6,6839877
                 11,6097                      -6,7493853
                 11,6276                      -6,8102724
                 11,6455                      -6,8664188
                 11,6634                      -6,9176259
                 11,6813                      -6,9637262
                 11,6992                      -7,0045929
                 11,7171                      -7,0401344
                  11,735                      -7,0703003
                 11,7529                        -7,09508
                 11,7708                       -7,114501
                 11,7887                      -7,1286323
                 11,8066                      -7,1375776
                 11,8245                      -7,1414772
                 11,8424                      -7,1405031
                 11,8603                      -7,1348552
                 11,8782                      -7,1247591
                 11,8961                      -7,1104628
                  11,914                      -7,0922309
                 11,9319                      -7,0703407
                 11,9498                      -7,0450812
                 11,9677                      -7,0167462
                 11,9856                       -6,985632
                 12,0035                       -6,952033
                 12,0214                      -6,9162413
                 12,0393                       -6,878543
                 12,0572                      -6,8392132
                 12,0751                       -6,798518
                  12,093                      -6,7567126
                 12,1109                      -6,7140352
                 12,1288                      -6,6707139
                 12,1467                      -6,6269596
                 12,1646                      -6,5829666
                 12,1825                       -6,538916
                 12,2004                      -6,4949706
                 12,2183                      -6,4512794
                 12,2362                      -6,4079756
                 12,2541                      -6,3651762
                  12,272                      -6,3229842
                 12,2899                      -6,2814877
                 12,3078                      -6,2407624
                 12,3257                      -6,2008693
                 12,3436                      -6,1618589
                 12,3615                      -6,1237671
                 12,3794                      -6,0866205
                 12,3973                      -6,0504353
                 12,4152                      -6,0152155
                 12,4331                      -5,9809584
                  12,451                      -5,9476511
                 12,4689                      -5,9152743
                 12,4868                      -5,8837985
                 12,5047                      -5,8531904
                 12,5226                      -5,8234105
                 12,5405                      -5,7944108
                 12,5584                      -5,7661406
                 12,5763                      -5,7385478
                 12,5942                       -5,711571
                 12,6121                      -5,6851504
                   12,63                      -5,6592238
                 12,6479                      -5,6337232
                 12,6658                      -5,6085851
                 12,6837                      -5,5837424
                 12,7016                       -5,559128
                 12,7195                      -5,5346771
                 12,7374                      -5,5103256
                 12,7553                      -5,4860126
                 12,7732                      -5,4616753
                 12,7911                      -5,4372607
                  12,809                       -5,412715
                 12,8269                       -5,387986
                 12,8448                      -5,3630329
                 12,8627                      -5,3378122
                 12,8806                       -5,312292
                 12,8985                      -5,2864395
                 12,9164                      -5,2602318
                 12,9343                      -5,2336489
                 12,9522                      -5,2066785
                 12,9701                      -5,1793127
                  12,988                      -5,1515507
                 13,0059                       -5,123395
                 13,0238                       -5,094857
                 13,0417                       -5,065949
                 13,0596                      -5,0366922
                 13,0775                      -5,0071121
                 13,0954                      -4,9772354
                 13,1133                       -4,947096
                 13,1312                      -4,9167318
                 13,1491                      -4,8861816
                  13,167                      -4,8554873
                 13,1849                      -4,8246952
                 13,2028                        -4,79385
                 13,2207                      -4,7630019
                 13,2386                       -4,732199
                 13,2565                      -4,7014895
                 13,2744                      -4,6709225
                 13,2923                      -4,6405468
                 13,3102                        -4,61041
                 13,3281                       -4,580557
                  13,346                      -4,5510324
                 13,3639                      -4,5218775
                 13,3818                      -4,4931322
                 13,3997                      -4,4648307
                 13,4176                      -4,4370074
                 13,4355                      -4,4096929
                 13,4534                      -4,3829136
                 13,4713                      -4,3566903
                 13,4892                      -4,3310437
                 13,5071                      -4,3059881
                  13,525                      -4,2815344
                 13,5429                      -4,2576894
                 13,5608                       -4,234457
                 13,5787                      -4,2118357
                 13,5966                      -4,1898223
                 13,6145                      -4,1684074
                 13,6324                      -4,1475821
                 13,6503                      -4,1273293
                 13,6682                      -4,1076331
                 13,6861                      -4,0884729
                  13,704                      -4,0698261
                 13,7219                      -4,0516674
                 13,7398                      -4,0339717
                 13,7577                      -4,0167088
                 13,7756                      -3,9998504
                 13,7935                      -3,9833666
                 13,8114                      -3,9672281
                 13,8293                      -3,9514026
                 13,8472                      -3,9358604
                 13,8651                      -3,9205726
                  13,883                       -3,905511
                 13,9009                      -3,8906486
                 13,9188                      -3,8759608
                 13,9367                      -3,8614232
                 13,9546                      -3,8470166
                 13,9725                      -3,8327224
                 13,9904                      -3,8185246
                 14,0083                      -3,8044121
                 14,0262                      -3,7903759
                 14,0441                      -3,7764086
                  14,062                      -3,7625108
                 14,0799                      -3,7486809
                 14,0978                      -3,7349248
                 14,1157                      -3,7212505
                 14,1336                      -3,7076695
                 14,1515                       -3,694195
                 14,1694                      -3,6808464
                 14,1873                      -3,6676427
                 14,2052                      -3,6546069
                 14,2231                      -3,6417648
                  14,241                      -3,6291434
                 14,2589                      -3,6167729
                 14,2768                      -3,6046818
                 14,2947                      -3,5929043
                 14,3126                      -3,5814698
                 14,3305                       -3,570413
                 14,3484                      -3,5597655
                 14,3663                      -3,5495611
                 14,3842                      -3,5398296
                 14,4021                      -3,5306022
                   14,42                      -3,5219084
                 14,4379                      -3,5137735
                 14,4558                       -3,506225
                 14,4737                      -3,4992842
                 14,4916                      -3,4929713
                 14,5095                      -3,4873026
                 14,5274                      -3,4822938
                 14,5453                      -3,4779546
                 14,5632                      -3,4742912
                 14,5811                       -3,471308
                  14,599                      -3,4690045
                 14,6169                      -3,4673762
                 14,6348                      -3,4664149
                 14,6527                      -3,4661099
                 14,6706                       -3,466443
                 14,6885                      -3,4673965
                 14,7064                      -3,4689455
                 14,7243                      -3,4710652
                 14,7422                      -3,4737238
                 14,7601                      -3,4768874
                  14,778                      -3,4805197
                 14,7959                      -3,4845832
                 14,8138                      -3,4890333
                 14,8317                      -3,4938305
                 14,8496                      -3,4989244
                 14,8675                      -3,5042722
                 14,8854                      -3,5098238
                 14,9033                      -3,5155317
                 14,9212                      -3,5213474
                 14,9391                      -3,5272229
                  14,957                      -3,5331104
                 14,9749                      -3,5389633
                 14,9928                      -3,5447383
                 15,0107                      -3,5503926
                 15,0286                      -3,5558841
                 15,0465                      -3,5611771
                 15,0644                      -3,5662376
                 15,0823                      -3,5710346
                 15,1002                      -3,5755407
                 15,1181                      -3,5797344
                  15,136                      -3,5835974
                 15,1539                      -3,5871159
                 15,1718                      -3,5902819
                 15,1897                      -3,5930893
                 15,2076                      -3,5955411
                 15,2255                      -3,5976415
                 15,2434                       -3,599402
                 15,2613                      -3,6008369
                 15,2792                      -3,6019669
                 15,2971                      -3,6028147
                  15,315                      -3,6034098
                 15,3329                      -3,6037838
                 15,3508                      -3,6039726
                 15,3687                      -3,6040163
                 15,3866                      -3,6039549
                 15,4045                      -3,6038352
                 15,4224                      -3,6037009
                 15,4403                      -3,6036033
                 15,4582                       -3,603592
                 15,4761                      -3,6037172
                  15,494                      -3,6040318
                 15,5119                      -3,6045866
                 15,5298                      -3,6054345
                 15,5477                      -3,6066269
                 15,5656                      -3,6082147
                 15,5835                      -3,6102481
                 15,6014                      -3,6127753
                 15,6193                      -3,6158435
                 15,6372                      -3,6194995
                 15,6551                      -3,6237854
                  15,673                      -3,6287434
                 15,6909                      -3,6344127
                 15,7088                      -3,6408303
                 15,7267                      -3,6480312
                 15,7446                      -3,6560477
                 15,7625                      -3,6649101
                 15,7804                      -3,6746451
                 15,7983                      -3,6852778
                 15,8162                      -3,6968326
                 15,8341                       -3,709329
                  15,852                       -3,722786
                 15,8699                      -3,7372216
                 15,8878                      -3,7526488
                 15,9057                      -3,7690817
                 15,9236                      -3,7865318
                 15,9415                      -3,8050092
                 15,9594                      -3,8245255
                 15,9773                      -3,8450863
                 15,9952                      -3,8666996
                 16,0131                      -3,8893737
                  16,031                       -3,913116
               16,048901                      -3,9379311
               16,066799                      -3,9638272
                 16,0847                      -3,9908115
                 16,1026                      -4,0188896
               16,120501                      -4,0480728
               16,138399                      -4,0783671
                 16,1563                      -4,1097845
                 16,1742                      -4,1423333
               16,192101                      -4,1760282
               16,209999                      -4,2108805
                 16,2279                      -4,2469064
                 16,2458                      -4,2841215
                 16,2637                      -4,3225416
               16,281601                      -4,3621886
                 16,2995                      -4,4030805
                 16,3174                      -4,4452396
                 16,3353                       -4,488691
               16,353201                      -4,5334568
               16,371099                      -4,5795631
                  16,389                      -4,6270387
                 16,4069                      -4,6759104
               16,424801                       -4,726206
               16,442699                      -4,7779573
                 16,4606                      -4,8311913
                 16,4785                      -4,8859413
               16,496401                      -4,9422368
               16,514299                       -5,000108
                 16,5322                      -5,0595859
                 16,5501                         -5,1207
               16,568001                      -5,1834792
               16,585899                      -5,2479532
                 16,6038                      -5,3141457
                 16,6217                      -5,3820846
               16,639601                      -5,4517954
               16,657499                      -5,5232966
                 16,6754                      -5,5966103
                 16,6933                      -5,6717534
               16,711201                      -5,7487413
               16,729099                      -5,8275852
                  16,747                      -5,9082973
                 16,7649                      -5,9908812
               16,782801                        -6,07534
               16,800699                      -6,1616739
                 16,8186                      -6,2498796
                 16,8365                      -6,3399475
               16,854401                      -6,4318681
               16,872299                      -6,5256245
                 16,8902                      -6,6211985
                 16,9081                      -6,7185662
               16,926001                      -6,8177024
               16,943899                       -6,918575
                 16,9618                      -7,0211517
                 16,9797                      -7,1253934
               16,997601                      -7,2312603
               17,015499                      -7,3387093
                 17,0334                      -7,4476929
                 17,0513                      -7,5581623
               17,069201                      -7,6700677
               17,087099                      -7,7833559
                  17,105                      -7,8979742
                 17,1229                      -8,0138685
                 17,1408                      -8,1309851
               17,158701                      -8,2492711
                 17,1766                      -8,3686739
                 17,1945                      -8,4891446
                 17,2124                      -8,6106364
               17,230301                      -8,7331037
               17,248199                      -8,8565092
                 17,2661                      -8,9808181
                  17,284                      -9,1060014
               17,301901                      -9,2320355
               17,319799                      -9,3589069
                 17,3377                      -9,4866061
                 17,3556                      -9,6151357
               17,373501                      -9,7445034
               17,391399                      -9,8747293
                 17,4093                       -10,00584
                 17,4272                      -10,137874
               17,445101                       -10,27088
               17,462999                      -10,404913
                 17,4809                      -10,540042
                 17,4988                      -10,676344
               17,516701                      -10,813902
               17,534599                      -10,952811
                 17,5525                       -11,09317
                 17,5704                       -11,23509
               17,588301                      -11,378678
               17,606199                      -11,524052
                 17,6241                       -11,67133
                  17,642                       -11,82063
               17,659901                      -11,972069
               17,677799                      -12,125758
                 17,6957                      -12,281801
                 17,7136                      -12,440292
               17,731501                      -12,601312
               17,749399                      -12,764925
                 17,7673                      -12,931171
                 17,7852                      -13,100066
               17,803101                      -13,271591
               17,820999                      -13,445689
                 17,8389                       -13,62226
                 17,8568                      -13,801149
               17,874701                      -13,982142
               17,892599                      -14,164953
                 17,9105                      -14,349216
                 17,9284                      -14,534477
               17,946301                      -14,720178
               17,964199                      -14,905655
                 17,9821                      -15,090116
                      18                      -15,272643

