        Frequency / GHz                S1,1/abs,dB
----------------------------------------------------------------------
                     0.1                     -0.75886465
                  0.1179                     -0.74055267
                  0.1358                     -0.71956486
              0.15369999                     -0.69604452
                  0.1716                     -0.67014936
                  0.1895                      -0.6420492
              0.20739999                      -0.6119269
                  0.2253                     -0.57997278
                  0.2432                     -0.54638459
              0.26109999                     -0.51136557
              0.27900001                     -0.47512086
                  0.2969                     -0.43785988
              0.31479999                      -0.3997902
              0.33270001                     -0.36111875
                  0.3506                     -0.32205034
              0.36849999                     -0.28278431
              0.38640001                     -0.24351691
                  0.4043                     -0.20443883
              0.42219999                     -0.16573214
              0.44010001                     -0.12757398
                   0.458                    -0.090133077
              0.47589999                    -0.053571172
              0.49380001                    -0.018039988
              0.51169997                     0.016315331
              0.52960002                     0.049358738
              0.54750001                     0.080963232
                  0.5654                      0.11101043
              0.58329999                      0.13938744
              0.60119998                      0.16599473
              0.61909997                      0.19073716
              0.63700002                      0.21352697
              0.65490001                      0.23428739
                  0.6728                      0.25294782
              0.69069999                      0.26944231
              0.70859998                       0.2837147
              0.72649997                      0.29571606
              0.74440002                      0.30540269
              0.76230001                       0.3127343
                  0.7802                      0.31768366
              0.79809999                      0.32022115
              0.81599998                      0.32033044
              0.83389997                      0.31799289
              0.85180002                      0.31319874
              0.86970001                      0.30594476
                  0.8876                      0.29622928
              0.90549999                      0.28405512
              0.92339998                      0.26942956
              0.94129997                      0.25236532
              0.95920002                      0.23287569
              0.97710001                      0.21098033
                   0.995                      0.18670107
                  1.0129                      0.16006243
                  1.0308                      0.13109233
                  1.0487                     0.099820232
                  1.0666                     0.066280273
                  1.0845                     0.030506261
               1.1023999                   -0.0074646214
               1.1203001                     -0.04759391
                  1.1382                    -0.089839752
                  1.1561                     -0.13416325
                   1.174                     -0.18051907
                  1.1919                      -0.2288649
                  1.2098                     -0.27915626
                  1.2277                     -0.33134837
                  1.2456                     -0.38539728
                  1.2635                     -0.44125798
                  1.2814                     -0.49888695
                  1.2993                     -0.55824051
               1.3171999                     -0.61927707
               1.3351001                      -0.6819559
                   1.353                      -0.7462367
                  1.3709                     -0.81208409
                  1.3888                     -0.87946273
                  1.4067                      -0.9483393
                  1.4246                      -1.0186851
                  1.4425                      -1.0904745
                  1.4604                      -1.1636827
                  1.4783                      -1.2382923
                  1.4962                      -1.3142868
                  1.5141                      -1.3916559
               1.5319999                      -1.4703927
               1.5499001                      -1.5504961
                  1.5678                      -1.6319681
                  1.5857                      -1.7148176
                  1.6036                      -1.7990568
                  1.6215                      -1.8847056
                  1.6394                      -1.9717871
                  1.6573                        -2.06033
                  1.6752                        -2.15037
                  1.6931                      -2.2419495
                   1.711                      -2.3351116
                  1.7289                      -2.4299101
               1.7467999                      -2.5264003
               1.7647001                      -2.6246477
                  1.7826                      -2.7247176
                  1.8005                      -2.8266843
                  1.8184                      -2.9306252
                  1.8363                      -3.0366249
                  1.8542                      -3.1447702
                  1.8721                      -3.2551521
                    1.89                      -3.3678692
                  1.9079                      -3.4830214
                  1.9258                      -3.6007138
                  1.9437                       -3.721054
               1.9615999                       -3.844153
               1.9795001                      -3.9701276
                  1.9974                      -4.0990938
                  2.0153                      -4.2311713
                  2.0332                      -4.3664852
                  2.0511                      -4.5051576
                   2.069                      -4.6473157
                  2.0869                      -4.7930877
                  2.1048                       -4.942603
                  2.1227                      -5.0959913
                  2.1406                      -5.2533829
                  2.1585                      -5.4149076
               2.1763999                      -5.5806975
               2.1942999                      -5.7508799
               2.2121999                       -5.925585
               2.2300999                      -6.1049375
               2.2479999                      -6.2890622
               2.2658999                      -6.4780785
               2.2837999                      -6.6721051
               2.3017001                      -6.8712524
               2.3196001                      -7.0756258
               2.3375001                      -7.2853228
               2.3554001                      -7.5004332
               2.3733001                      -7.7210353
               2.3912001                      -7.9471957
               2.4091001                      -8.1789641
                   2.427                      -8.4163761
                  2.4449                       -8.659443
                  2.4628                      -8.9081538
                  2.4807                      -9.1624697
                  2.4986                      -9.4223197
                  2.5165                       -9.687592
                  2.5344                      -9.9581346
                  2.5523                      -10.233744
                  2.5702                      -10.514157
                  2.5881                      -10.799052
               2.6059999                      -11.088024
               2.6238999                      -11.380592
               2.6417999                      -11.676182
               2.6596999                      -11.974115
               2.6775999                      -12.273609
               2.6954999                      -12.573758
               2.7133999                      -12.873539
               2.7313001                      -13.171801
               2.7492001                      -13.467275
               2.7671001                      -13.758572
               2.7850001                      -14.044202
               2.8029001                      -14.322604
               2.8208001                       -14.59216
               2.8387001                      -14.851252
                  2.8566                        -15.0983
                  2.8745                      -15.331824
                  2.8924                      -15.550499
                  2.9103                      -15.753219
                  2.9282                       -15.93915
                  2.9461                      -16.107775
                   2.964                       -16.25893
                  2.9819                      -16.392811
                  2.9998                      -16.509982
                  3.0177                      -16.611338
               3.0355999                      -16.698077
               3.0534999                      -16.771649
               3.0713999                      -16.833689
               3.0892999                      -16.885969
               3.1071999                      -16.930328
               3.1250999                      -16.968628
               3.1429999                      -17.002699
               3.1609001                      -17.034308
               3.1788001                       -17.06513
               3.1967001                      -17.096723
               3.2146001                      -17.130521
               3.2325001                      -17.167818
               3.2504001                      -17.209775
               3.2683001                       -17.25741
                  3.2862                      -17.311602
                  3.3041                      -17.373094
                   3.322                      -17.442491
                  3.3399                      -17.520257
                  3.3578                      -17.606715
                  3.3757                       -17.70204
                  3.3936                       -17.80624
                  3.4115                      -17.919154
                  3.4294                      -18.040419
                  3.4473                      -18.169452
               3.4651999                       -18.30542
               3.4830999                        -18.4472
               3.5009999                       -18.59334
               3.5188999                      -18.742023
               3.5367999                       -18.89102
               3.5546999                      -19.037663
               3.5725999                      -19.178833
               3.5905001                      -19.310955
               3.6084001                      -19.430059
               3.6263001                      -19.531863
               3.6442001                       -19.61193
               3.6621001                      -19.665872
               3.6800001                      -19.689618
               3.6979001                      -19.679694
                  3.7158                      -19.633508
                  3.7337                      -19.549577
                  3.7516                      -19.427663
                  3.7695                      -19.268795
                  3.7874                      -19.075167
                  3.8053                      -18.849933
                  3.8232                      -18.596943
                  3.8411                      -18.320453
                   3.859                      -18.024853
                  3.8769                      -17.714443
               3.8947999                      -17.393264
               3.9126999                      -17.064988
               3.9305999                       -16.73286
               3.9484999                      -16.399684
               3.9663999                      -16.067832
               3.9842999                      -15.739277
               4.0022001                      -15.415635
               4.0201001                      -15.098203
               4.0380001                      -14.788012
               4.0559001                      -14.485864
               4.0738001                      -14.192373
               4.0917001                      -13.907991
               4.1096001                      -13.633047
               4.1275001                      -13.367764
                  4.1454                       -13.11228
                  4.1633                      -12.866671
                  4.1812                      -12.630953
                  4.1991                      -12.405106
                   4.217                      -12.189079
                  4.2349                      -11.982791
                  4.2528                      -11.786148
                  4.2707                      -11.599042
                  4.2886                      -11.421353
                  4.3065                      -11.252957
               4.3243999                      -11.093727
               4.3422999                      -10.943533
               4.3601999                      -10.802245
               4.3780999                      -10.669736
               4.3959999                      -10.545879
               4.4138999                      -10.430553
               4.4317999                      -10.323637
               4.4496999                      -10.225017
               4.4675999                      -10.134581
               4.4854999                      -10.052222
               4.5033998                      -9.9778362
               4.5212998                      -9.9113275
               4.5391998                      -9.8526001
               4.5570998                      -9.8015648
               4.5749998                      -9.7581341
               4.5928998                      -9.7222284
               4.6107998                      -9.6937676
               4.6286998                      -9.6726764
               4.6465998                      -9.6588849
               4.6645002                      -9.6523223
               4.6824002                      -9.6529214
               4.7003002                      -9.6606184
               4.7182002                      -9.6753512
               4.7361002                      -9.6970566
               4.7540002                      -9.7256741
               4.7719002                      -9.7611434
               4.7898002                      -9.8034032
               4.8077002                       -9.852393
               4.8256001                      -9.9080469
               4.8435001                         -9.9703
               4.8614001                      -10.039086
               4.8793001                      -10.114326
               4.8972001                      -10.195948
               4.9151001                      -10.283862
               4.9330001                       -10.37798
               4.9509001                      -10.478198
               4.9688001                      -10.584406
               4.9867001                      -10.696481
                  5.0046                      -10.814285
                  5.0225                      -10.937667
                  5.0404                      -11.066454
                  5.0583                      -11.200456
                  5.0762                      -11.339458
                  5.0941                      -11.483223
                   5.112                      -11.631483
                  5.1299                       -11.78394
                  5.1478                      -11.940262
                  5.1657                       -12.10008
               5.1835999                      -12.262986
               5.2014999                      -12.428527
               5.2193999                      -12.596209
               5.2372999                      -12.765488
               5.2551999                      -12.935773
               5.2730999                      -13.106424
               5.2909999                      -13.276754
               5.3088999                      -13.446028
               5.3267999                      -13.613472
               5.3446999                      -13.778271
               5.3625998                      -13.939584
               5.3804998                      -14.096551
               5.3983998                      -14.248302
               5.4162998                      -14.393978
               5.4341998                      -14.532739
               5.4520998                      -14.663789
               5.4699998                       -14.78639
               5.4878998                      -14.899886
               5.5057998                      -15.003712
               5.5237002                      -15.097419
               5.5416002                      -15.180686
               5.5595002                      -15.253324
               5.5774002                      -15.315286
               5.5953002                      -15.366672
               5.6132002                      -15.407719
               5.6311002                      -15.438794
               5.6490002                      -15.460384
               5.6669002                      -15.473082
               5.6848001                      -15.477565
               5.7027001                       -15.47458
               5.7206001                      -15.464922
               5.7385001                      -15.449415
               5.7564001                        -15.4289
               5.7743001                      -15.404211
               5.7922001                      -15.376167
               5.8101001                      -15.345561
               5.8280001                      -15.313149
               5.8459001                      -15.279641
                  5.8638                      -15.245699
                  5.8817                      -15.211936
                  5.8996                      -15.178908
                  5.9175                      -15.147117
                  5.9354                       -15.11701
                  5.9533                      -15.088982
                  5.9712                      -15.063378
                  5.9891                      -15.040487
                   6.007                      -15.020553
                  6.0249                      -15.003778
               6.0427999                       -14.99031
               6.0606999                      -14.980265
               6.0785999                      -14.973713
               6.0964999                      -14.970683
               6.1143999                       -14.97117
               6.1322999                      -14.975131
               6.1501999                      -14.982488
               6.1680999                      -14.993124
               6.1859999                      -15.006893
               6.2038999                      -15.023611
               6.2217999                      -15.043061
               6.2396998                       -15.06499
               6.2575998                      -15.089118
               6.2754998                      -15.115124
               6.2933998                      -15.142661
               6.3112998                      -15.171346
               6.3291998                      -15.200769
               6.3470998                      -15.230486
               6.3649998                      -15.260032
               6.3829002                      -15.288914
               6.4008002                       -15.31662
               6.4187002                      -15.342618
               6.4366002                      -15.366368
               6.4545002                      -15.387322
               6.4724002                       -15.40493
               6.4903002                      -15.418656
               6.5082002                      -15.427975
               6.5261002                      -15.432385
               6.5440001                      -15.431421
               6.5619001                      -15.424653
               6.5798001                      -15.411703
               6.5977001                      -15.392252
               6.6156001                      -15.366043
               6.6335001                      -15.332885
               6.6514001                      -15.292661
               6.6693001                      -15.245333
               6.6872001                      -15.190934
               6.7051001                      -15.129572
                   6.723                      -15.061428
                  6.7409                      -14.986748
                  6.7588                      -14.905839
                  6.7767                      -14.819064
                  6.7946                       -14.72683
                  6.8125                      -14.629581
                  6.8304                      -14.527792
                  6.8483                       -14.42196
                  6.8662                      -14.312593
                  6.8841                      -14.200207
                   6.902                      -14.085317
               6.9198999                      -13.968431
               6.9377999                      -13.850044
               6.9556999                       -13.73064
               6.9735999                       -13.61068
               6.9914999                      -13.490607
               7.0093999                      -13.370839
               7.0272999                      -13.251771
               7.0451999                      -13.133771
               7.0630999                      -13.017186
               7.0809999                      -12.902335
               7.0988998                      -12.789517
               7.1167998                      -12.679002
               7.1346998                      -12.571045
               7.1525998                      -12.465873
               7.1704998                      -12.363699
               7.1883998                      -12.264715
               7.2062998                      -12.169094
               7.2241998                      -12.076996
               7.2420998                      -11.988567
               7.2600002                      -11.903935
               7.2779002                      -11.823218
               7.2958002                      -11.746526
               7.3137002                      -11.673952
               7.3316002                      -11.605587
               7.3495002                      -11.541507
               7.3674002                      -11.481785
               7.3853002                      -11.426484
               7.4032001                      -11.375661
               7.4211001                      -11.329372
               7.4390001                      -11.287659
               7.4569001                      -11.250567
               7.4748001                      -11.218136
               7.4927001                      -11.190396
               7.5106001                      -11.167381
               7.5285001                      -11.149117
               7.5464001                      -11.135627
               7.5643001                      -11.126935
               7.5822001                      -11.123056
                  7.6001                      -11.124009
                   7.618                      -11.129803
                  7.6359                      -11.140449
                  7.6538                      -11.155954
                  7.6717                      -11.176322
                  7.6896                      -11.201551
                  7.7075                       -11.23164
                  7.7254                      -11.266579
                  7.7433                      -11.306358
                  7.7612                       -11.35096
               7.7790999                      -11.400363
               7.7969999                      -11.454538
               7.8148999                      -11.513452
               7.8327999                      -11.577061
               7.8506999                      -11.645316
               7.8685999                      -11.718157
               7.8864999                      -11.795512
               7.9043999                        -11.8773
               7.9222999                      -11.963426
               7.9401999                       -12.05378
               7.9580998                      -12.148235
               7.9759998                      -12.246649
               7.9938998                      -12.348856
               8.0117998                       -12.45467
               8.0297003                      -12.563883
               8.0475998                      -12.676258
               8.0655003                       -12.79153
               8.0833998                      -12.909404
               8.1013002                      -13.029549
               8.1191998                      -13.151601
               8.1371002                      -13.275161
               8.1549997                      -13.399783
               8.1729002                      -13.524987
               8.1907997                      -13.650248
               8.2087002                         -13.775
               8.2265997                      -13.898638
               8.2445002                      -14.020513
               8.2623997                      -14.139945
               8.2803001                      -14.256219
               8.2981997                      -14.368594
               8.3161001                      -14.476314
               8.3339996                      -14.578612
               8.3519001                      -14.674725
               8.3697996                      -14.763908
               8.3877001                       -14.84544
               8.4055996                      -14.918648
               8.4235001                      -14.982918
               8.4413996                      -15.037708
                  8.4593                      -15.082566
               8.4771996                      -15.117137
                  8.4951                      -15.141175
               8.5129995                      -15.154547
                  8.5309                      -15.157242
               8.5488005                      -15.149361
                  8.5667                      -15.131121
               8.5846004                      -15.102843
                  8.6025                      -15.064944
               8.6204004                      -15.017921
               8.6382999                      -14.962344
               8.6562004                      -14.898834
               8.6740999                       -14.82805
               8.6920004                      -14.750675
               8.7098999                      -14.667405
               8.7278004                       -14.57893
               8.7456999                      -14.485929
               8.7636003                       -14.38906
               8.7814999                      -14.288949
               8.7994003                      -14.186192
               8.8172998                      -14.081338
               8.8352003                      -13.974903
               8.8530998                      -13.867354
               8.8710003                      -13.759117
               8.8888998                      -13.650576
               8.9068003                      -13.542069
               8.9246998                      -13.433896
               8.9426003                      -13.326321
               8.9604998                      -13.219568
               8.9784002                      -13.113828
               8.9962997                      -13.009263
               9.0142002                      -12.906004
               9.0320997                      -12.804157
               9.0500002                      -12.703803
               9.0678997                      -12.605004
               9.0858002                      -12.507802
               9.1036997                      -12.412221
               9.1216002                      -12.318271
               9.1394997                      -12.225951
               9.1574001                      -12.135246
               9.1752996                      -12.046135
               9.1932001                      -11.958588
               9.2110996                      -11.872567
               9.2290001                      -11.788035
               9.2468996                      -11.704946
               9.2648001                      -11.623255
               9.2826996                      -11.542915
               9.3006001                      -11.463884
               9.3184996                      -11.386112
                  9.3364                      -11.309559
               9.3542995                      -11.234185
                  9.3722                      -11.159954
               9.3900995                      -11.086834
                   9.408                      -11.014798
               9.4259005                      -10.943824
                  9.4438                      -10.873897
               9.4617004                      -10.805004
                  9.4796                      -10.737145
               9.4975004                      -10.670319
               9.5153999                      -10.604534
               9.5333004                      -10.539808
               9.5511999                       -10.47616
               9.5691004                      -10.413617
               9.5869999                      -10.352213
               9.6049004                      -10.291987
               9.6227999                      -10.232983
               9.6407003                      -10.175253
               9.6585999                      -10.118848
               9.6765003                      -10.063827
               9.6943998                      -10.010256
               9.7123003                      -9.9581986
               9.7301998                      -9.9077261
               9.7481003                      -9.8589102
               9.7659998                      -9.8118258
               9.7839003                      -9.7665495
               9.8017998                      -9.7231594
               9.8197002                      -9.6817357
               9.8375998                       -9.642357
               9.8555002                      -9.6051049
               9.8733997                      -9.5700582
               9.8913002                      -9.5372977
               9.9091997                      -9.5069016
               9.9271002                      -9.4789484
               9.9449997                      -9.4535143
               9.9629002                      -9.4306736
               9.9807997                      -9.4105012
               9.9987001                      -9.3930657
                 10.0166                      -9.3784367
                 10.0345                      -9.3666777
                 10.0524                      -9.3578541
                 10.0703                      -9.3520243
                 10.0882                      -9.3492456
                 10.1061                      -9.3495699
                  10.124                      -9.3530467
                 10.1419                      -9.3597216
                 10.1598                      -9.3696363
                 10.1777                      -9.3828261
                 10.1956                      -9.3993251
                 10.2135                       -9.419161
                 10.2314                      -9.4423542
                 10.2493                      -9.4689237
                 10.2672                      -9.4988805
                 10.2851                      -9.5322302
                  10.303                      -9.5689723
                 10.3209                      -9.6090997
                 10.3388                      -9.6525974
                 10.3567                       -9.699443
                 10.3746                      -9.7496074
                 10.3925                      -9.8030509
                 10.4104                      -9.8597266
                 10.4283                      -9.9195757
                 10.4462                      -9.9825319
                 10.4641                      -10.048515
                  10.482                      -10.117433
                 10.4999                      -10.189185
                 10.5178                      -10.263653
                 10.5357                      -10.340705
                 10.5536                      -10.420197
                 10.5715                      -10.501964
                 10.5894                       -10.58583
                 10.6073                      -10.671598
                 10.6252                      -10.759054
                 10.6431                      -10.847964
                  10.661                      -10.938076
                 10.6789                       -11.02912
                 10.6968                      -11.120799
                 10.7147                      -11.212806
                 10.7326                      -11.304806
                 10.7505                      -11.396449
                 10.7684                      -11.487366
                 10.7863                      -11.577171
                 10.8042                      -11.665465
                 10.8221                      -11.751834
                   10.84                      -11.835857
                 10.8579                      -11.917107
                 10.8758                      -11.995152
                 10.8937                      -12.069565
                 10.9116                      -12.139926
                 10.9295                      -12.205826
                 10.9474                      -12.266879
                 10.9653                      -12.322717
                 10.9832                      -12.373005
                 11.0011                      -12.417443
                  11.019                      -12.455771
                 11.0369                      -12.487772
                 11.0548                       -12.51328
                 11.0727                      -12.532179
                 11.0906                      -12.544407
                 11.1085                      -12.549958
                 11.1264                      -12.548876
                 11.1443                      -12.541262
                 11.1622                      -12.527264
                 11.1801                      -12.507079
                  11.198                      -12.480947
                 11.2159                      -12.449145
                 11.2338                      -12.411982
                 11.2517                      -12.369799
                 11.2696                      -12.322952
                 11.2875                      -12.271818
                 11.3054                      -12.216783
                 11.3233                      -12.158239
                 11.3412                      -12.096578
                 11.3591                      -12.032192
                  11.377                      -11.965463
                 11.3949                      -11.896767
                 11.4128                      -11.826462
                 11.4307                      -11.754897
                 11.4486                      -11.682405
                 11.4665                      -11.609299
                 11.4844                      -11.535877
                 11.5023                      -11.462416
                 11.5202                      -11.389179
                 11.5381                      -11.316411
                  11.556                      -11.244336
                 11.5739                      -11.173165
                 11.5918                      -11.103092
                 11.6097                      -11.034296
                 11.6276                      -10.966941
                 11.6455                      -10.901179
                 11.6634                      -10.837149
                 11.6813                      -10.774979
                 11.6992                      -10.714787
                 11.7171                      -10.656681
                  11.735                      -10.600759
                 11.7529                      -10.547116
                 11.7708                      -10.495836
                 11.7887                      -10.446998
                 11.8066                       -10.40068
                 11.8245                      -10.356948
                 11.8424                       -10.31587
                 11.8603                      -10.277509
                 11.8782                      -10.241927
                 11.8961                       -10.20918
                  11.914                      -10.179327
                 11.9319                      -10.152426
                 11.9498                       -10.12853
                 11.9677                      -10.107696
                 11.9856                       -10.08998
                 12.0035                      -10.075437
                 12.0214                      -10.064126
                 12.0393                      -10.056106
                 12.0572                      -10.051436
                 12.0751                      -10.050179
                  12.093                      -10.052398
                 12.1109                      -10.058159
                 12.1288                      -10.067533
                 12.1467                      -10.080587
                 12.1646                        -10.0974
                 12.1825                      -10.118046
                 12.2004                      -10.142607
                 12.2183                      -10.171166
                 12.2362                      -10.203812
                 12.2541                      -10.240635
                  12.272                      -10.281733
                 12.2899                      -10.327203
                 12.3078                      -10.377152
                 12.3257                      -10.431687
                 12.3436                      -10.490924
                 12.3615                      -10.554983
                 12.3794                      -10.623987
                 12.3973                      -10.698068
                 12.4152                      -10.777363
                 12.4331                      -10.862017
                  12.451                      -10.952179
                 12.4689                      -11.048009
                 12.4868                      -11.149671
                 12.5047                       -11.25734
                 12.5226                        -11.3712
                 12.5405                      -11.491443
                 12.5584                      -11.618272
                 12.5763                      -11.751897
                 12.5942                      -11.892547
                 12.6121                      -12.040454
                   12.63                      -12.195869
                 12.6479                      -12.359054
                 12.6658                      -12.530286
                 12.6837                      -12.709852
                 12.7016                      -12.898063
                 12.7195                      -13.095237
                 12.7374                      -13.301714
                 12.7553                      -13.517846
                 12.7732                      -13.744004
                 12.7911                      -13.980573
                  12.809                      -14.227951
                 12.8269                      -14.486548
                 12.8448                       -14.75678
                 12.8627                      -15.039064
                 12.8806                      -15.333812
                 12.8985                      -15.641412
                 12.9164                      -15.962223
                 12.9343                      -16.296536
                 12.9522                      -16.644558
                 12.9701                      -17.006356
                  12.988                      -17.381802
                 13.0059                      -17.770494
                 13.0238                      -18.171648
                 13.0417                      -18.583961
                 13.0596                      -19.005431
                 13.0775                      -19.433133
                 13.0954                      -19.862957
                 13.1133                      -20.289318
                 13.1312                      -20.704866
                 13.1491                      -21.100292
                  13.167                      -21.464317
                 13.1849                       -21.78403
                 13.2028                      -22.045735
                 13.2207                      -22.236333
                 13.2386                      -22.345121
                 13.2565                       -22.36559
                 13.2744                       -22.29666
                 13.2923                      -22.142896
                 13.3102                      -21.913614
                 13.3281                      -21.621236
                  13.346                      -21.279421
                 13.3639                      -20.901502
                 13.3818                      -20.499432
                 13.3997                      -20.083275
                 13.4176                      -19.661098
                 13.4355                      -19.239118
                 13.4534                      -18.821964
                 13.4713                      -18.412971
                 13.4892                      -18.014457
                 13.5071                      -17.627968
                  13.525                      -17.254462
                 13.5429                      -16.894473
                 13.5608                      -16.548217
                 13.5787                      -16.215696
                 13.5966                       -15.89675
                 13.6145                      -15.591115
                 13.6324                      -15.298459
                 13.6503                      -15.018401
                 13.6682                       -14.75054
                 13.6861                      -14.494463
                  13.704                      -14.249756
                 13.7219                      -14.016007
                 13.7398                      -13.792819
                 13.7577                      -13.579805
                 13.7756                      -13.376594
                 13.7935                       -13.18283
                 13.8114                      -12.998175
                 13.8293                      -12.822308
                 13.8472                      -12.654921
                 13.8651                      -12.495725
                  13.883                      -12.344445
                 13.9009                      -12.200821
                 13.9188                      -12.064606
                 13.9367                      -11.935568
                 13.9546                      -11.813487
                 13.9725                      -11.698151
                 13.9904                      -11.589366
                 14.0083                      -11.486942
                 14.0262                      -11.390702
                 14.0441                      -11.300481
                  14.062                      -11.216115
                 14.0799                      -11.137455
                 14.0978                      -11.064357
                 14.1157                      -10.996683
                 14.1336                      -10.934304
                 14.1515                      -10.877096
                 14.1694                      -10.824942
                 14.1873                      -10.777729
                 14.2052                      -10.735352
                 14.2231                      -10.697704
                  14.241                      -10.664691
                 14.2589                       -10.63622
                 14.2768                      -10.612201
                 14.2947                      -10.592547
                 14.3126                      -10.577177
                 14.3305                       -10.56601
                 14.3484                      -10.558972
                 14.3663                      -10.555988
                 14.3842                      -10.556988
                 14.4021                      -10.561902
                   14.42                      -10.570663
                 14.4379                      -10.583207
                 14.4558                      -10.599468
                 14.4737                      -10.619386
                 14.4916                      -10.642897
                 14.5095                      -10.669941
                 14.5274                      -10.700458
                 14.5453                      -10.734387
                 14.5632                      -10.771669
                 14.5811                      -10.812243
                  14.599                      -10.856046
                 14.6169                      -10.903018
                 14.6348                      -10.953095
                 14.6527                      -11.006211
                 14.6706                        -11.0623
                 14.6885                      -11.121292
                 14.7064                      -11.183114
                 14.7243                       -11.24769
                 14.7422                      -11.314943
                 14.7601                      -11.384786
                  14.778                      -11.457137
                 14.7959                      -11.531898
                 14.8138                      -11.608973
                 14.8317                      -11.688257
                 14.8496                      -11.769638
                 14.8675                      -11.852999
                 14.8854                      -11.938212
                 14.9033                      -12.025145
                 14.9212                      -12.113652
                 14.9391                      -12.203581
                  14.957                       -12.29477
                 14.9749                      -12.387044
                 14.9928                      -12.480219
                 15.0107                      -12.574098
                 15.0286                      -12.668474
                 15.0465                      -12.763127
                 15.0644                      -12.857824
                 15.0823                       -12.95232
                 15.1002                       -13.04636
                 15.1181                      -13.139672
                  15.136                      -13.231978
                 15.1539                      -13.322988
                 15.1718                      -13.412398
                 15.1897                      -13.499902
                 15.2076                      -13.585181
                 15.2255                      -13.667914
                 15.2434                      -13.747778
                 15.2613                      -13.824445
                 15.2792                      -13.897592
                 15.2971                        -13.9669
                  15.315                      -14.032059
                 15.3329                      -14.092768
                 15.3508                      -14.148742
                 15.3687                      -14.199714
                 15.3866                      -14.245438
                 15.4045                      -14.285695
                 15.4224                      -14.320292
                 15.4403                      -14.349066
                 15.4582                       -14.37189
                 15.4761                      -14.388668
                  15.494                      -14.399344
                 15.5119                      -14.403898
                 15.5298                      -14.402347
                 15.5477                      -14.394746
                 15.5656                      -14.381186
                 15.5835                      -14.361792
                 15.6014                      -14.336722
                 15.6193                      -14.306163
                 15.6372                      -14.270329
                 15.6551                      -14.229462
                  15.673                      -14.183821
                 15.6909                      -14.133683
                 15.7088                      -14.079342
                 15.7267                      -14.021098
                 15.7446                      -13.959263
                 15.7625                      -13.894152
                 15.7804                      -13.826082
                 15.7983                       -13.75537
                 15.8162                       -13.68233
                 15.8341                      -13.607272
                  15.852                      -13.530499
                 15.8699                      -13.452307
                 15.8878                      -13.372985
                 15.9057                      -13.292809
                 15.9236                      -13.212048
                 15.9415                       -13.13096
                 15.9594                      -13.049793
                 15.9773                      -12.968782
                 15.9952                      -12.888156
                 16.0131                      -12.808129
                  16.031                      -12.728906
               16.048901                      -12.650686
               16.066799                      -12.573655
                 16.0847                       -12.49799
                 16.1026                      -12.423863
               16.120501                      -12.351435
               16.138399                      -12.280863
                 16.1563                      -12.212291
                 16.1742                      -12.145865
               16.192101                      -12.081719
               16.209999                      -12.019984
                 16.2279                      -11.960788
                 16.2458                      -11.904252
                 16.2637                      -11.850493
               16.281601                      -11.799624
                 16.2995                      -11.751762
                 16.3174                      -11.707009
                 16.3353                      -11.665476
               16.353201                      -11.627267
               16.371099                      -11.592485
                  16.389                      -11.561231
                 16.4069                      -11.533605
               16.424801                      -11.509709
               16.442699                      -11.489643
                 16.4606                      -11.473506
                 16.4785                      -11.461398
               16.496401                      -11.453419
               16.514299                      -11.449672
                 16.5322                       -11.45026
                 16.5501                      -11.455283
               16.568001                       -11.46485
               16.585899                      -11.479068
                 16.6038                      -11.498045
                 16.6217                      -11.521896
               16.639601                      -11.550733
               16.657499                      -11.584675
                 16.6754                      -11.623845
                 16.6933                      -11.668367
               16.711201                      -11.718371
               16.729099                      -11.773993
                  16.747                       -11.83537
                 16.7649                       -11.90265
               16.782801                      -11.975981
               16.800699                      -12.055523
                 16.8186                      -12.141438
                 16.8365                      -12.233903
               16.854401                      -12.333094
               16.872299                      -12.439203
                 16.8902                       -12.55243
                 16.9081                      -12.672984
               16.926001                      -12.801086
               16.943899                      -12.936971
                 16.9618                      -13.080885
                 16.9797                       -13.23309
               16.997601                      -13.393861
               17.015499                      -13.563493
                 17.0334                      -13.742295
                 17.0513                      -13.930599
               17.069201                      -14.128752
               17.087099                      -14.337127
                  17.105                      -14.556115
                 17.1229                      -14.786136
                 17.1408                      -15.027628
               17.158701                      -15.281057
                 17.1766                      -15.546912
                 17.1945                      -15.825704
                 17.2124                      -16.117965
               17.230301                      -16.424243
               17.248199                      -16.745092
                 17.2661                      -17.081067
                  17.284                      -17.432699
               17.301901                      -17.800478
               17.319799                      -18.184817
                 17.3377                      -18.585999
                 17.3556                      -19.004106
               17.373501                      -19.438928
               17.391399                       -19.88982
                 17.4093                      -20.355515
                 17.4272                      -20.833883
               17.445101                      -21.321597
               17.462999                      -21.813738
                 17.4809                      -22.303323
                 17.4988                      -22.780833
               17.516701                      -23.233851
               17.534599                      -23.647042
                 17.5525                      -24.002764
                 17.5704                       -24.28258
               17.588301                      -24.469763
               17.606199                      -24.552304
                 17.6241                      -24.525522
                  17.642                      -24.393171
               17.659901                      -24.166545
               17.677799                      -23.861994
                 17.6957                      -23.497889
                 17.7136                      -23.092054
               17.731501                      -22.660118
               17.749399                      -22.214823
                 17.7673                      -21.765991
                 17.7852                      -21.320856
               17.803101                      -20.884536
               17.820999                      -20.460504
                 17.8389                         -20.051
                 17.8568                       -19.65736
               17.874701                      -19.280278
               17.892599                      -18.919998
                 17.9105                      -18.576449
                 17.9284                      -18.249355
               17.946301                      -17.938303
               17.964199                      -17.642796
                 17.9821                      -17.362286
                      18                      -17.096209

