        Frequency / GHz                S1;1/abs;dB
----------------------------------------------------------------------
                     0,1                     -0,67203044
                  0,1179                     -0,65669806
                  0,1358                     -0,63910715
              0,15369999                      -0,6193694
                  0,1716                      -0,5976103
                  0,1895                     -0,57396311
              0,20739999                     -0,54857379
                  0,2253                       -0,521593
                  0,2432                      -0,4931815
              0,26109999                     -0,46350043
              0,27900001                      -0,4327191
                  0,2969                     -0,40100464
              0,31479999                     -0,36853008
              0,33270001                     -0,33546461
                  0,3506                      -0,3019792
              0,36849999                     -0,26823923
              0,38640001                     -0,23441278
                  0,4043                     -0,20065842
              0,42219999                     -0,16713401
              0,44010001                      -0,1339917
                   0,458                     -0,10137814
              0,47589999                    -0,069435352
              0,49380001                    -0,038297446
              0,51169997                   -0,0080940344
              0,52960002                     0,021053174
              0,54750001                     0,049026865
                  0,5654                     0,075717791
              0,58329999                      0,10102435
              0,60119998                      0,12484896
              0,61909997                      0,14710142
              0,63700002                      0,16770043
              0,65490001                      0,18656653
                  0,6728                      0,20362987
              0,69069999                      0,21882461
              0,70859998                      0,23209375
              0,72649997                      0,24338174
              0,74440002                      0,25264165
              0,76230001                      0,25982906
                  0,7802                      0,26490823
              0,79809999                      0,26784524
              0,81599998                      0,26861222
              0,83389997                      0,26718572
              0,85180002                      0,26354586
              0,86970001                      0,25767848
                  0,8876                       0,2495702
              0,90549999                      0,23921467
              0,92339998                      0,22660684
              0,94129997                      0,21174605
              0,95920002                      0,19463476
              0,97710001                      0,17527754
                   0,995                      0,15368195
                  1,0129                      0,12985898
                  1,0308                      0,10382221
                  1,0487                     0,075584465
                  1,0666                     0,045164485
                  1,0845                     0,012579067
               1,1023999                    -0,022150935
               1,1203001                    -0,059003279
                  1,1382                    -0,097954431
                  1,1561                     -0,13898156
                   1,174                     -0,18206024
                  1,1919                     -0,22716362
                  1,2098                     -0,27426758
                  1,2277                     -0,32334557
                  1,2456                     -0,37437152
                  1,2635                     -0,42732035
                  1,2814                     -0,48216712
                  1,2993                     -0,53888686
               1,3171999                       -0,597456
               1,3351001                     -0,65785318
                   1,353                     -0,72005698
                  1,3709                       -0,784048
                  1,3888                     -0,84981008
                  1,4067                     -0,91732674
                  1,4246                     -0,98658591
                  1,4425                      -1,0575763
                  1,4604                      -1,1302925
                  1,4783                       -1,204728
                  1,4962                      -1,2808819
                  1,5141                       -1,358757
               1,5319999                       -1,438359
               1,5499001                      -1,5196966
                  1,5678                      -1,6027842
                  1,5857                      -1,6876376
                  1,6036                      -1,7742809
                  1,6215                      -1,8627378
                  1,6394                      -1,9530403
                  1,6573                      -2,0452226
                  1,6752                      -2,1393245
                  1,6931                      -2,2353903
                   1,711                      -2,3334691
                  1,7289                      -2,4336142
               1,7467999                      -2,5358856
               1,7647001                      -2,6403443
                  1,7826                        -2,74706
                  1,8005                      -2,8561046
                  1,8184                      -2,9675562
                  1,8363                      -3,0814965
                  1,8542                      -3,1980105
                  1,8721                       -3,317192
                    1,89                      -3,4391342
                  1,9079                      -3,5639385
                  1,9258                      -3,6917066
                  1,9437                      -3,8225481
               1,9615999                      -3,9565744
               1,9795001                      -4,0939009
                  1,9974                      -4,2346465
                  2,0153                      -4,3789365
                  2,0332                      -4,5268939
                  2,0511                      -4,6786517
                   2,069                      -4,8343418
                  2,0869                      -4,9940981
                  2,1048                       -5,158061
                  2,1227                       -5,326372
                  2,1406                      -5,4991728
                  2,1585                       -5,676612
               2,1763999                      -5,8588329
               2,1942999                      -6,0459887
               2,2121999                      -6,2382274
               2,2300999                      -6,4356991
               2,2479999                      -6,6385557
               2,2658999                      -6,8469474
               2,2837999                      -7,0610228
               2,3017001                      -7,2809279
               2,3196001                      -7,5068083
               2,3375001                      -7,7388019
               2,3554001                      -7,9770431
               2,3733001                      -8,2216554
               2,3912001                      -8,4727545
               2,4091001                      -8,7304432
                   2,427                      -8,9948098
                  2,4449                      -9,2659196
                  2,4628                      -9,5438175
                  2,4807                      -9,8285182
                  2,4986                      -10,120001
                  2,5165                      -10,418206
                  2,5344                      -10,723017
                  2,5523                      -11,034264
                  2,5702                      -11,351702
                  2,5881                      -11,675003
               2,6059999                       -12,00374
               2,6238999                      -12,337374
               2,6417999                      -12,675231
               2,6596999                      -13,016492
               2,6775999                      -13,360164
               2,6954999                      -13,705074
               2,7133999                      -14,049842
               2,7313001                      -14,392875
               2,7492001                      -14,732364
               2,7671001                      -15,066286
               2,7850001                      -15,392422
               2,8029001                      -15,708397
               2,8208001                      -16,011727
               2,8387001                      -16,299903
                  2,8566                      -16,570484
                  2,8745                      -16,821203
                  2,8924                      -17,050098
                  2,9103                       -17,25562
                  2,9282                      -17,436742
                  2,9461                      -17,593028
                   2,964                      -17,724676
                  2,9819                      -17,832512
                  2,9998                      -17,917936
                  3,0177                      -17,982845
               3,0355999                      -18,029525
               3,0534999                      -18,060529
               3,0713999                      -18,078558
               3,0892999                      -18,086349
               3,1071999                      -18,086591
               3,1250999                      -18,081843
               3,1429999                      -18,074492
               3,1609001                       -18,06671
               3,1788001                      -18,060447
               3,1967001                      -18,057416
               3,2146001                      -18,059103
               3,2325001                      -18,066771
               3,2504001                       -18,08147
               3,2683001                      -18,104053
                  3,2862                      -18,135175
                  3,3041                      -18,175313
                   3,322                      -18,224761
                  3,3399                      -18,283633
                  3,3578                      -18,351857
                  3,3757                      -18,429168
                  3,3936                      -18,515087
                  3,4115                      -18,608912
                  3,4294                      -18,709685
                  3,4473                      -18,816166
               3,4651999                      -18,926807
               3,4830999                      -19,039716
               3,5009999                      -19,152639
               3,5188999                      -19,262939
               3,5367999                        -19,3676
               3,5546999                      -19,463253
               3,5725999                      -19,546229
               3,5905001                      -19,612669
               3,6084001                      -19,658662
               3,6263001                      -19,680436
               3,6442001                      -19,674574
               3,6621001                       -19,63825
               3,6800001                       -19,56944
               3,6979001                      -19,467082
                  3,7158                      -19,331171
                  3,7337                      -19,162746
                  3,7516                      -18,963799
                  3,7695                      -18,737109
                  3,7874                      -18,486019
                  3,8053                      -18,214212
                  3,8232                       -17,92549
                  3,8411                      -17,623596
                   3,859                      -17,312076
                  3,8769                       -16,99418
               3,8947999                       -16,67281
               3,9126999                      -16,350504
               3,9305999                      -16,029437
               3,9484999                      -15,711441
               3,9663999                      -15,398038
               3,9842999                      -15,090472
               4,0022001                      -14,789743
               4,0201001                      -14,496648
               4,0380001                      -14,211805
               4,0559001                      -13,935691
               4,0738001                      -13,668656
               4,0917001                      -13,410954
               4,1096001                      -13,162755
               4,1275001                      -12,924165
                  4,1454                      -12,695238
                  4,1633                      -12,475981
                  4,1812                      -12,266373
                  4,1991                      -12,066366
                   4,217                      -11,875891
                  4,2349                      -11,694863
                  4,2528                       -11,52319
                  4,2707                      -11,360768
                  4,2886                      -11,207489
                  4,3065                      -11,063246
               4,3243999                      -10,927927
               4,3422999                      -10,801419
               4,3601999                      -10,683613
               4,3780999                        -10,5744
               4,3959999                      -10,473677
               4,4138999                      -10,381339
               4,4317999                      -10,297286
               4,4496999                      -10,221427
               4,4675999                      -10,153667
               4,4854999                      -10,093919
               4,5033998                        -10,0421
               4,5212998                      -9,9981279
               4,5391998                       -9,961928
               4,5570998                      -9,9334271
               4,5749998                      -9,9125561
               4,5928998                      -9,8992472
               4,6107998                      -9,8934398
               4,6286998                      -9,8950706
               4,6465998                      -9,9040833
               4,6645002                      -9,9204204
               4,6824002                      -9,9440276
               4,7003002                      -9,9748506
               4,7182002                      -10,012837
               4,7361002                      -10,057934
               4,7540002                      -10,110089
               4,7719002                      -10,169245
               4,7898002                      -10,235347
               4,8077002                      -10,308336
               4,8256001                      -10,388149
               4,8435001                      -10,474718
               4,8614001                      -10,567969
               4,8793001                      -10,667821
               4,8972001                      -10,774185
               4,9151001                      -10,886962
               4,9330001                      -11,006038
               4,9509001                      -11,131289
               4,9688001                       -11,26257
               4,9867001                      -11,399724
                  5,0046                      -11,542564
                  5,0225                      -11,690888
                  5,0404                      -11,844457
                  5,0583                      -12,003008
                  5,0762                       -12,16624
                  5,0941                      -12,333816
                   5,112                      -12,505355
                  5,1299                      -12,680427
                  5,1478                      -12,858559
                  5,1657                      -13,039217
               5,1835999                      -13,221812
               5,2014999                      -13,405698
               5,2193999                      -13,590161
               5,2372999                      -13,774429
               5,2551999                      -13,957667
               5,2730999                      -14,138983
               5,2909999                       -14,31743
               5,3088999                       -14,49202
               5,3267999                      -14,661726
               5,3446999                      -14,825505
               5,3625998                      -14,982316
               5,3804998                      -15,131132
               5,3983998                      -15,270972
               5,4162998                       -15,40092
               5,4341998                      -15,520158
               5,4520998                      -15,627978
               5,4699998                      -15,723818
               5,4878998                      -15,807273
               5,5057998                      -15,878107
               5,5237002                       -15,93627
               5,5416002                      -15,981889
               5,5595002                      -16,015263
               5,5774002                      -16,036861
               5,5953002                      -16,047293
               5,6132002                      -16,047295
               5,6311002                      -16,037702
               5,6490002                      -16,019423
               5,6669002                      -15,993416
               5,6848001                      -15,960663
               5,7027001                      -15,922149
               5,7206001                      -15,878842
               5,7385001                      -15,831678
               5,7564001                      -15,781544
               5,7743001                      -15,729278
               5,7922001                       -15,67565
               5,8101001                      -15,621368
               5,8280001                      -15,567067
               5,8459001                      -15,513318
                  5,8638                      -15,460619
                  5,8817                      -15,409406
                  5,8996                      -15,360046
                  5,9175                       -15,31285
                  5,9354                      -15,268067
                  5,9533                      -15,225894
                  5,9712                      -15,186475
                  5,9891                      -15,149906
                   6,007                      -15,116239
                  6,0249                      -15,085481
               6,0427999                      -15,057601
               6,0606999                      -15,032529
               6,0785999                      -15,010159
               6,0964999                      -14,990353
               6,1143999                      -14,972941
               6,1322999                      -14,957721
               6,1501999                      -14,944462
               6,1680999                      -14,932912
               6,1859999                      -14,922789
               6,2038999                      -14,913789
               6,2217999                      -14,905589
               6,2396998                      -14,897846
               6,2575998                      -14,890204
               6,2754998                       -14,88229
               6,2933998                      -14,873723
               6,3112998                      -14,864119
               6,3291998                      -14,853087
               6,3470998                       -14,84024
               6,3649998                      -14,825197
               6,3829002                      -14,807592
               6,4008002                      -14,787068
               6,4187002                      -14,763293
               6,4366002                      -14,735963
               6,4545002                        -14,7048
               6,4724002                      -14,669561
               6,4903002                      -14,630046
               6,5082002                      -14,586093
               6,5261002                      -14,537585
               6,5440001                      -14,484452
               6,5619001                      -14,426672
               6,5798001                       -14,36427
               6,5977001                      -14,297315
               6,6156001                      -14,225926
               6,6335001                      -14,150259
               6,6514001                      -14,070516
               6,6693001                      -13,986928
               6,6872001                      -13,899762
               6,7051001                      -13,809311
                   6,723                      -13,715891
                  6,7409                      -13,619836
                  6,7588                      -13,521494
                  6,7767                      -13,421222
                  6,7946                      -13,319381
                  6,8125                      -13,216337
                  6,8304                      -13,112451
                  6,8483                      -13,008081
                  6,8662                      -12,903575
                  6,8841                      -12,799275
                   6,902                       -12,69551
               6,9198999                      -12,592597
               6,9377999                      -12,490841
               6,9556999                       -12,39053
               6,9735999                      -12,291941
               6,9914999                      -12,195333
               7,0093999                      -12,100951
               7,0272999                      -12,009031
               7,0451999                      -11,919789
               7,0630999                      -11,833428
               7,0809999                      -11,750141
               7,0988998                      -11,670107
               7,1167998                      -11,593494
               7,1346998                      -11,520458
               7,1525998                      -11,451147
               7,1704998                      -11,385698
               7,1883998                      -11,324237
               7,2062998                      -11,266888
               7,2241998                       -11,21376
               7,2420998                      -11,164961
               7,2600002                      -11,120588
               7,2779002                      -11,080739
               7,2958002                      -11,045499
               7,3137002                      -11,014951
               7,3316002                      -10,989178
               7,3495002                      -10,968253
               7,3674002                       -10,95225
               7,3853002                      -10,941235
               7,4032001                      -10,935276
               7,4211001                      -10,934436
               7,4390001                      -10,938774
               7,4569001                      -10,948351
               7,4748001                      -10,963222
               7,4927001                      -10,983439
               7,5106001                      -11,009056
               7,5285001                      -11,040121
               7,5464001                      -11,076683
               7,5643001                      -11,118786
               7,5822001                       -11,16647
                  7,6001                      -11,219777
                   7,618                      -11,278739
                  7,6359                      -11,343392
                  7,6538                      -11,413758
                  7,6717                      -11,489862
                  7,6896                      -11,571717
                  7,7075                      -11,659334
                  7,7254                       -11,75271
                  7,7433                      -11,851839
                  7,7612                      -11,956696
               7,7790999                      -12,067248
               7,7969999                      -12,183445
               7,8148999                       -12,30522
               7,8327999                      -12,432483
               7,8506999                      -12,565123
               7,8685999                      -12,702998
               7,8864999                      -12,845939
               7,9043999                      -12,993735
               7,9222999                       -13,14614
               7,9401999                      -13,302855
               7,9580998                      -13,463532
               7,9759998                      -13,627763
               7,9938998                      -13,795072
               8,0117998                       -13,96491
               8,0297003                      -14,136648
               8,0475998                       -14,30957
               8,0655003                      -14,482867
               8,0833998                      -14,655629
               8,1013002                      -14,826847
               8,1191998                       -14,99541
               8,1371002                      -15,160109
               8,1549997                      -15,319644
               8,1729002                      -15,472635
               8,1907997                      -15,617644
               8,2087002                      -15,753198
               8,2265997                      -15,877822
               8,2445002                      -15,990075
               8,2623997                      -16,088595
               8,2803001                      -16,172143
               8,2981997                      -16,239646
               8,3161001                      -16,290245
               8,3339996                      -16,323325
               8,3519001                      -16,338544
               8,3697996                       -16,33585
               8,3877001                      -16,315479
               8,4055996                      -16,277937
               8,4235001                       -16,22399
               8,4413996                      -16,154616
                  8,4593                      -16,070967
               8,4771996                      -15,974326
                  8,4951                      -15,866062
               8,5129995                       -15,74758
                  8,5309                      -15,620293
               8,5488005                      -15,485578
                  8,5667                      -15,344757
               8,5846004                      -15,199077
                  8,6025                      -15,049689
               8,6204004                       -14,89765
               8,6382999                      -14,743912
               8,6562004                      -14,589325
               8,6740999                      -14,434638
               8,6920004                      -14,280504
               8,7098999                      -14,127485
               8,7278004                      -13,976063
               8,7456999                      -13,826641
               8,7636003                      -13,679554
               8,7814999                      -13,535075
               8,7994003                      -13,393422
               8,8172998                      -13,254764
               8,8352003                      -13,119225
               8,8530998                      -12,986897
               8,8710003                       -12,85783
               8,8888998                      -12,732054
               8,9068003                      -12,609569
               8,9246998                      -12,490356
               8,9426003                      -12,374379
               8,9604998                      -12,261586
               8,9784002                      -12,151911
               8,9962997                      -12,045282
               9,0142002                      -11,941616
               9,0320997                      -11,840824
               9,0500002                      -11,742813
               9,0678997                       -11,64749
               9,0858002                      -11,554755
               9,1036997                      -11,464511
               9,1216002                      -11,376663
               9,1394997                      -11,291114
               9,1574001                      -11,207772
               9,1752996                       -11,12655
               9,1932001                      -11,047363
               9,2110996                      -10,970132
               9,2290001                      -10,894783
               9,2468996                      -10,821247
               9,2648001                      -10,749465
               9,2826996                      -10,679381
               9,3006001                      -10,610948
               9,3184996                      -10,544125
                  9,3364                       -10,47888
               9,3542995                      -10,415186
                  9,3722                      -10,353027
               9,3900995                      -10,292388
                   9,408                      -10,233269
               9,4259005                      -10,175672
                  9,4438                      -10,119606
               9,4617004                      -10,065087
                  9,4796                      -10,012141
               9,4975004                      -9,9607924
               9,5153999                      -9,9110774
               9,5333004                      -9,8630332
               9,5511999                      -9,8167025
               9,5691004                      -9,7721348
               9,5869999                      -9,7293791
               9,6049004                      -9,6884906
               9,6227999                      -9,6495253
               9,6407003                      -9,6125418
               9,6585999                      -9,5776014
               9,6765003                      -9,5447658
               9,6943998                      -9,5140965
               9,7123003                       -9,485657
               9,7301998                      -9,4595106
               9,7481003                      -9,4357192
               9,7659998                       -9,414344
               9,7839003                      -9,3954445
               9,8017998                      -9,3790806
               9,8197002                      -9,3653068
               9,8375998                      -9,3541771
               9,8555002                      -9,3457437
               9,8733997                      -9,3400554
               9,8913002                      -9,3371534
               9,9091997                      -9,3370816
               9,9271002                      -9,3398748
               9,9449997                      -9,3455677
               9,9629002                      -9,3541859
               9,9807997                       -9,365755
               9,9987001                      -9,3802899
                 10,0166                      -9,3978034
                 10,0345                       -9,418302
                 10,0524                      -9,4417853
                 10,0703                      -9,4682466
                 10,0882                      -9,4976709
                 10,1061                      -9,5300385
                  10,124                      -9,5653192
                 10,1419                      -9,6034755
                 10,1598                      -9,6444619
                 10,1777                      -9,6882219
                 10,1956                      -9,7346926
                 10,2135                      -9,7837979
                 10,2314                      -9,8354517
                 10,2493                      -9,8895592
                 10,2672                        -9,94601
                 10,2851                      -10,004685
                  10,303                       -10,06545
                 10,3209                       -10,12816
                 10,3388                      -10,192656
                 10,3567                      -10,258764
                 10,3746                      -10,326296
                 10,3925                      -10,395051
                 10,4104                      -10,464813
                 10,4283                      -10,535351
                 10,4462                       -10,60642
                 10,4641                      -10,677763
                  10,482                      -10,749107
                 10,4999                      -10,820167
                 10,5178                      -10,890648
                 10,5357                      -10,960246
                 10,5536                      -11,028645
                 10,5715                      -11,095524
                 10,5894                       -11,16056
                 10,6073                      -11,223425
                 10,6252                      -11,283794
                 10,6431                      -11,341346
                  10,661                      -11,395766
                 10,6789                      -11,446753
                 10,6968                      -11,494017
                 10,7147                      -11,537288
                 10,7326                      -11,576318
                 10,7505                      -11,610883
                 10,7684                      -11,640789
                 10,7863                      -11,665869
                 10,8042                      -11,685992
                 10,8221                      -11,701063
                   10,84                      -11,711021
                 10,8579                      -11,715845
                 10,8758                      -11,715549
                 10,8937                      -11,710181
                 10,9116                       -11,69983
                 10,9295                      -11,684614
                 10,9474                      -11,664685
                 10,9653                      -11,640223
                 10,9832                      -11,611431
                 11,0011                      -11,578539
                  11,019                      -11,541791
                 11,0369                       -11,50145
                 11,0548                      -11,457788
                 11,0727                      -11,411088
                 11,0906                      -11,361636
                 11,1085                      -11,309722
                 11,1264                      -11,255635
                 11,1443                      -11,199663
                 11,1622                      -11,142085
                 11,1801                      -11,083176
                  11,198                      -11,023205
                 11,2159                      -10,962429
                 11,2338                      -10,901093
                 11,2517                      -10,839435
                 11,2696                      -10,777678
                 11,2875                      -10,716036
                 11,3054                      -10,654709
                 11,3233                      -10,593889
                 11,3412                      -10,533753
                 11,3591                      -10,474468
                  11,377                      -10,416193
                 11,3949                      -10,359073
                 11,4128                      -10,303246
                 11,4307                      -10,248841
                 11,4486                      -10,195978
                 11,4665                      -10,144771
                 11,4844                      -10,095324
                 11,5023                      -10,047739
                 11,5202                      -10,002106
                 11,5381                      -9,9585168
                  11,556                      -9,9170539
                 11,5739                      -9,8777992
                 11,5918                      -9,8408271
                 11,6097                      -9,8062142
                 11,6276                        -9,77403
                 11,6455                       -9,744346
                 11,6634                      -9,7172281
                 11,6813                      -9,6927452
                 11,6992                      -9,6709621
                 11,7171                      -9,6519451
                  11,735                      -9,6357607
                 11,7529                      -9,6224746
                 11,7708                      -9,6121549
                 11,7887                      -9,6048674
                 11,8066                      -9,6006819
                 11,8245                      -9,5996686
                 11,8424                      -9,6018979
                 11,8603                      -9,6074462
                 11,8782                      -9,6163876
                 11,8961                      -9,6287998
                  11,914                       -9,644764
                 11,9319                      -9,6643624
                 11,9498                      -9,6876821
                 11,9677                      -9,7148115
                 11,9856                      -9,7458442
                 12,0035                      -9,7808726
                 12,0214                      -9,8199997
                 12,0393                      -9,8633278
                 12,0572                      -9,9109638
                 12,0751                      -9,9630199
                  12,093                      -10,019612
                 12,1109                      -10,080865
                 12,1288                      -10,146903
                 12,1467                       -10,21786
                 12,1646                      -10,293875
                 12,1825                      -10,375092
                 12,2004                      -10,461665
                 12,2183                      -10,553752
                 12,2362                      -10,651522
                 12,2541                       -10,75515
                  12,272                      -10,864822
                 12,2899                      -10,980735
                 12,3078                      -11,103092
                 12,3257                      -11,232112
                 12,3436                      -11,368026
                 12,3615                      -11,511076
                 12,3794                      -11,661522
                 12,3973                      -11,819637
                 12,4152                      -11,985713
                 12,4331                      -12,160058
                  12,451                      -12,343004
                 12,4689                      -12,534901
                 12,4868                      -12,736126
                 12,5047                      -12,947081
                 12,5226                      -13,168192
                 12,5405                      -13,399919
                 12,5584                      -13,642751
                 12,5763                      -13,897213
                 12,5942                      -14,163863
                 12,6121                      -14,443299
                   12,63                      -14,736155
                 12,6479                      -15,043103
                 12,6658                      -15,364851
                 12,6837                      -15,702141
                 12,7016                      -16,055737
                 12,7195                      -16,426416
                 12,7374                      -16,814944
                 12,7553                      -17,222047
                 12,7732                      -17,648356
                 12,7911                      -18,094338
                  12,809                      -18,560187
                 12,8269                      -19,045661
                 12,8448                      -19,549854
                 12,8627                       -20,07087
                 12,8806                      -20,605376
                 12,8985                      -21,147997
                 12,9164                      -21,690576
                 12,9343                      -22,221335
                 12,9522                       -22,72415
                 12,9701                      -23,178309
                  12,988                      -23,559368
                 13,0059                      -23,841713
                 13,0238                      -24,002955
                 13,0417                      -24,029117
                 13,0596                      -23,918501
                 13,0775                      -23,682183
                 13,0954                      -23,340877
                 13,1133                      -22,919846
                 13,1312                      -22,444166
                 13,1491                      -21,935653
                  13,167                      -21,411626
                 13,1849                      -20,884927
                 13,2028                       -20,36457
                 13,2207                      -19,856573
                 13,2386                      -19,364737
                 13,2565                      -18,891285
                 13,2744                      -18,437345
                 13,2923                      -18,003313
                 13,3102                      -17,589093
                 13,3281                      -17,194285
                  13,346                      -16,818297
                 13,3639                      -16,460428
                 13,3818                      -16,119929
                 13,3997                      -15,796029
                 13,4176                       -15,48797
                 13,4355                       -15,19501
                 13,4534                      -14,916445
                 13,4713                        -14,6516
                 13,4892                      -14,399845
                 13,5071                      -14,160582
                  13,525                      -13,933256
                 13,5429                      -13,717346
                 13,5608                      -13,512366
                 13,5787                      -13,317864
                 13,5966                      -13,133418
                 13,6145                      -12,958636
                 13,6324                       -12,79315
                 13,6503                       -12,63662
                 13,6682                      -12,488724
                 13,6861                      -12,349168
                  13,704                      -12,217671
                 13,7219                      -12,093973
                 13,7398                      -11,977831
                 13,7577                      -11,869015
                 13,7756                      -11,767313
                 13,7935                       -11,67252
                 13,8114                      -11,584451
                 13,8293                      -11,502923
                 13,8472                      -11,427772
                 13,8651                      -11,358838
                  13,883                      -11,295969
                 13,9009                      -11,239027
                 13,9188                      -11,187872
                 13,9367                      -11,142381
                 13,9546                      -11,102429
                 13,9725                      -11,067902
                 13,9904                      -11,038688
                 14,0083                       -11,01468
                 14,0262                      -10,995776
                 14,0441                      -10,981878
                  14,062                      -10,972891
                 14,0799                       -10,96872
                 14,0978                      -10,969277
                 14,1157                      -10,974474
                 14,1336                      -10,984226
                 14,1515                      -10,998445
                 14,1694                      -11,017048
                 14,1873                      -11,039952
                 14,2052                      -11,067073
                 14,2231                      -11,098326
                  14,241                      -11,133627
                 14,2589                      -11,172889
                 14,2768                      -11,216025
                 14,2947                      -11,262946
                 14,3126                      -11,313556
                 14,3305                      -11,367764
                 14,3484                      -11,425466
                 14,3663                      -11,486562
                 14,3842                      -11,550943
                 14,4021                      -11,618495
                   14,42                        -11,6891
                 14,4379                      -11,762632
                 14,4558                      -11,838957
                 14,4737                      -11,917939
                 14,4916                      -11,999424
                 14,5095                      -12,083259
                 14,5274                      -12,169275
                 14,5453                      -12,257297
                 14,5632                      -12,347135
                 14,5811                       -12,43859
                  14,599                      -12,531453
                 14,6169                      -12,625498
                 14,6348                       -12,72049
                 14,6527                       -12,81618
                 14,6706                      -12,912305
                 14,6885                       -13,00859
                 14,7064                      -13,104745
                 14,7243                      -13,200468
                 14,7422                      -13,295444
                 14,7601                      -13,389347
                  14,778                      -13,481841
                 14,7959                      -13,572578
                 14,8138                      -13,661204
                 14,8317                       -13,74736
                 14,8496                      -13,830682
                 14,8675                      -13,910803
                 14,8854                      -13,987361
                 14,9033                      -14,059997
                 14,9212                      -14,128363
                 14,9391                      -14,192119
                  14,957                      -14,250942
                 14,9749                      -14,304529
                 14,9928                      -14,352601
                 15,0107                      -14,394904
                 15,0286                      -14,431213
                 15,0465                      -14,461339
                 15,0644                      -14,485124
                 15,0823                      -14,502452
                 15,1002                      -14,513244
                 15,1181                      -14,517461
                  15,136                      -14,515104
                 15,1539                      -14,506213
                 15,1718                      -14,490868
                 15,1897                      -14,469186
                 15,2076                      -14,441316
                 15,2255                      -14,407442
                 15,2434                      -14,367776
                 15,2613                      -14,322554
                 15,2792                      -14,272039
                 15,2971                      -14,216508
                  15,315                      -14,156253
                 15,3329                      -14,091581
                 15,3508                      -14,022809
                 15,3687                      -13,950252
                 15,3866                      -13,874233
                 15,4045                      -13,795077
                 15,4224                      -13,713103
                 15,4403                      -13,628626
                 15,4582                      -13,541959
                 15,4761                      -13,453403
                  15,494                      -13,363254
                 15,5119                      -13,271801
                 15,5298                      -13,179319
                 15,5477                      -13,086077
                 15,5656                      -12,992332
                 15,5835                      -12,898331
                 15,6014                      -12,804312
                 15,6193                      -12,710503
                 15,6372                      -12,617122
                 15,6551                      -12,524378
                  15,673                       -12,43247
                 15,6909                      -12,341592
                 15,7088                      -12,251925
                 15,7267                      -12,163647
                 15,7446                      -12,076925
                 15,7625                      -11,991924
                 15,7804                      -11,908797
                 15,7983                      -11,827696
                 15,8162                      -11,748767
                 15,8341                      -11,672147
                  15,852                      -11,597974
                 15,8699                      -11,526378
                 15,8878                      -11,457486
                 15,9057                      -11,391424
                 15,9236                      -11,328312
                 15,9415                      -11,268265
                 15,9594                      -11,211403
                 15,9773                      -11,157836
                 15,9952                       -11,10768
                 16,0131                      -11,061038
                  16,031                      -11,018023
               16,048901                      -10,978742
               16,066799                        -10,9433
                 16,0847                      -10,911803
                 16,1026                      -10,884357
               16,120501                      -10,861067
               16,138399                      -10,842039
                 16,1563                      -10,827379
                 16,1742                      -10,817194
               16,192101                      -10,811591
               16,209999                       -10,81068
                 16,2279                       -10,81457
                 16,2458                      -10,823376
                 16,2637                      -10,837212
               16,281601                      -10,856194
                 16,2995                      -10,880443
                 16,3174                      -10,910082
                 16,3353                       -10,94524
               16,353201                      -10,986048
               16,371099                       -11,03264
                  16,389                      -11,085159
                 16,4069                      -11,143751
               16,424801                       -11,20857
               16,442699                      -11,279775
                 16,4606                      -11,357534
                 16,4785                      -11,442022
               16,496401                      -11,533422
               16,514299                      -11,631934
                 16,5322                      -11,737757
                 16,5501                      -11,851113
               16,568001                      -11,972231
               16,585899                      -12,101358
                 16,6038                      -12,238752
                 16,6217                      -12,384695
               16,639601                      -12,539482
               16,657499                      -12,703435
                 16,6754                      -12,876895
                 16,6933                       -13,06023
               16,711201                      -13,253838
               16,729099                      -13,458148
                  16,747                      -13,673621
                 16,7649                      -13,900764
               16,782801                       -14,14012
               16,800699                      -14,392284
                 16,8186                      -14,657904
                 16,8365                      -14,937687
               16,854401                      -15,232404
               16,872299                      -15,542903
                 16,8902                      -15,870112
                 16,9081                      -16,215047
               16,926001                      -16,578822
               16,943899                       -16,96266
                 16,9618                      -17,367899
                 16,9797                      -17,795988
               16,997601                      -18,248502
               17,015499                      -18,727119
                 17,0334                      -19,233599
                 17,0513                      -19,769734
               17,069201                      -20,337245
               17,087099                      -20,937611
                  17,105                      -21,571768
                 17,1229                      -22,239613
                 17,1408                      -22,939188
               17,158701                      -23,665376
                 17,1766                      -24,407921
                 17,1945                      -25,148656
                 17,2124                      -25,858193
               17,230301                      -26,493416
               17,248199                      -26,998856
                 17,2661                      -27,316111
                  17,284                      -27,402055
               17,301901                      -27,247255
               17,319799                      -26,880522
                 17,3377                      -26,355583
                 17,3556                      -25,731072
               17,373501                      -25,056549
               17,391399                      -24,367754
                 17,4093                      -23,687772
                 17,4272                      -23,030217
               17,445101                      -22,402344
               17,462999                      -21,807401
                 17,4809                      -21,246231
                 17,4988                        -20,7183
               17,516701                      -20,222324
               17,534599                      -19,756651
                 17,5525                      -19,319493
                 17,5704                      -18,909045
               17,588301                      -18,523567
               17,606199                      -18,161416
                 17,6241                      -17,821057
                  17,642                      -17,501081
               17,659901                       -17,20019
               17,677799                      -16,917194
                 17,6957                      -16,651007
                 17,7136                      -16,400633
               17,731501                      -16,165159
               17,749399                      -15,943753
                 17,7673                      -15,735646
                 17,7852                       -15,54013
               17,803101                      -15,356553
               17,820999                      -15,184313
                 17,8389                      -15,022849
                 17,8568                      -14,871642
               17,874701                      -14,730205
               17,892599                      -14,598084
                 17,9105                      -14,474853
                 17,9284                      -14,360108
               17,946301                      -14,253471
               17,964199                      -14,154582
                 17,9821                      -14,063099
                      18                      -13,978696

