        Frequency / GHz                S1,1/abs,dB
----------------------------------------------------------------------
                     0.1                      -0.2548969
              0.12639999                     -0.23245794
              0.15279999                     -0.21126628
              0.17919999                     -0.19405297
              0.20559999                     -0.18310197
              0.23199999                     -0.18000589
              0.25839999                     -0.18550129
              0.28479999                     -0.19939509
              0.31119999                     -0.22058236
              0.33759999                     -0.24714305
              0.36399999                     -0.27653453
              0.39039999                     -0.30585293
              0.41679999                     -0.33215349
              0.44319999                     -0.35279301
              0.46959999                     -0.36575945
              0.49599999                     -0.36991406
              0.52240002                     -0.36514149
              0.54879999                     -0.35233988
              0.57520002                     -0.33328447
              0.60159999                     -0.31037672
              0.62800002                     -0.28632543
              0.65439999                     -0.26381635
              0.68080002                      -0.2452125
              0.70719999                     -0.23230078
              0.73360002                     -0.22614018
              0.75999999                     -0.22697167
              0.78640002                     -0.23422611
              0.81279999                      -0.2466072
              0.83920002                     -0.26224801
              0.86559999                     -0.27892786
              0.89200002                      -0.2943329
              0.91839999                     -0.30633058
              0.94480002                     -0.31323229
              0.97119999                     -0.31400028
              0.99760002                     -0.30837256
                   1.024                     -0.29688445
                  1.0504                     -0.28078929
                  1.0768                     -0.26189112
                  1.1032                     -0.24231784
                  1.1296                     -0.22427945
                   1.156                     -0.20983449
                  1.1824                     -0.20069451
                  1.2088                     -0.19808654
                  1.2352                     -0.20267231
                  1.2616                     -0.21453481
                   1.288                     -0.23321681
                  1.3144                     -0.25781317
                  1.3408                     -0.28710537
                  1.3672                     -0.31972038
                  1.3936                     -0.35431207
                    1.42                     -0.38972333
                  1.4464                     -0.42513801
                  1.4728                     -0.46018337
                  1.4992                       -0.494983
                  1.5256                     -0.53014449
                   1.552                     -0.56669863
                  1.5784                     -0.60598855
                  1.6048                     -0.64953479
                  1.6312                     -0.69888819
                  1.6576                     -0.75549042
                   1.684                     -0.82055308
                  1.7104                      -0.8949746
                  1.7368                     -0.97927661
                  1.7632                      -1.0735866
                  1.7896                      -1.1776518
                   1.816                      -1.2908838
                  1.8424                      -1.4124276
                  1.8688                       -1.541258
                  1.8952                      -1.6762864
                  1.9216                      -1.8164731
                   1.948                      -1.9609359
                  1.9744                       -2.109047
               2.0007999                      -2.2605004
                  2.0272                      -2.4153517
               2.0536001                       -2.574019
               2.0799999                      -2.7372565
                  2.1064                      -2.9060896
               2.1328001                      -3.0817318
                  2.1592                      -3.2654878
                  2.1856                      -3.4586549
               2.2119999                      -3.6624197
                  2.2384                       -3.877773
               2.2648001                      -4.1054319
               2.2911999                      -4.3457781
                  2.3176                       -4.598821
               2.3440001                      -4.8641602
                  2.3704                      -5.1409939
                  2.3968                      -5.4281249
               2.4231999                      -5.7240031
                  2.4496                      -6.0267934
               2.4760001                      -6.3344662
               2.5023999                      -6.6449139
                  2.5288                      -6.9560863
               2.5552001                      -7.2661253
                  2.5816                      -7.5734959
                   2.608                      -7.8770729
               2.6343999                      -8.1761847
                  2.6608                      -8.4705773
               2.6872001                      -8.7603062
               2.7135999                      -9.0455485
                    2.74                      -9.3263556
               2.7664001                      -9.6023703
               2.7927999                      -9.8725379
                  2.8192                      -10.134859
               2.8455999                      -10.386237
                   2.872                      -10.622466
               2.8984001                      -10.838415
               2.9247999                      -11.028458
                  2.9512                      -11.187105
               2.9776001                      -11.309798
               3.0039999                      -11.393681
                  3.0304                       -11.43819
               3.0567999                      -11.445272
                  3.0832                      -11.419178
               3.1096001                      -11.365864
               3.1359999                      -11.292193
                  3.1624                      -11.205082
               3.1888001                      -11.110793
               3.2151999                      -11.014418
                  3.2416                      -10.919617
               3.2679999                      -10.828544
                  3.2944                      -10.741963
               3.3208001                      -10.659499
               3.3471999                      -10.579968
                  3.3736                      -10.501774
               3.4000001                       -10.42332
               3.4263999                      -10.343398
                  3.4528                      -10.261477
               3.4791999                      -10.177908
                  3.5056                      -10.093976
               3.5320001                      -10.011813
               3.5583999                      -9.9342193
                  3.5848                      -9.8643967
               3.6112001                      -9.8056828
               3.6375999                      -9.7612855
                   3.664                      -9.7340859
               3.6903999                      -9.7264945
                  3.7168                       -9.740377
               3.7432001                      -9.7770585
               3.7695999                      -9.8373752
                   3.796                       -9.921783
               3.8224001                      -10.030505
               3.8487999                      -10.163721
                  3.8752                      -10.321752
               3.9015999                       -10.50528
                   3.928                      -10.715536
               3.9544001                       -10.95447
               3.9807999                      -11.224883
               4.0071998                      -11.530529
               4.0335999                      -11.876159
               4.0599999                      -12.267559
                  4.0864                       -12.71156
               4.1128001                      -13.216056
               4.1392002                      -13.790046
               4.1655998                      -14.443689
               4.1919999                      -15.188336
                  4.2184                      -16.036446
               4.2448001                      -17.001064
               4.2712002                      -18.094101
               4.2975998                      -19.321569
               4.3239999                       -20.67129
                  4.3504                       -22.08417
               4.3768001                       -23.40057
               4.4032001                      -24.317757
               4.4295998                      -24.513783
               4.4559999                       -23.96232
               4.4823999                      -22.962315
                  4.5088                      -21.827045
               4.5352001                      -20.728879
               4.5616002                      -19.732283
               4.5879998                      -18.850027
               4.6143999                      -18.074867
                  4.6408                      -17.393468
               4.6672001                      -16.791969
               4.6936002                      -16.258087
               4.7199998                      -15.781779
               4.7463999                      -15.355312
                  4.7728                      -14.973037
               4.7992001                      -14.631025
               4.8256001                      -14.326611
               4.8520002                      -14.057942
               4.8783998                      -13.823502
               4.9047999                      -13.621712
                  4.9312                      -13.450588
               4.9576001                       -13.30748
               4.9840002                      -13.188926
               5.0103998                      -13.090612
               5.0367999                      -13.007485
                  5.0632                      -12.933994
               5.0896001                      -12.864495
               5.1160002                      -12.793745
               5.1423998                      -12.717458
               5.1687999                      -12.632788
                  5.1952                      -12.538662
               5.2216001                      -12.435859
               5.2480001                       -12.32683
               5.2744002                      -12.215274
               5.3007998                      -12.105595
               5.3271999                      -12.002309
                  5.3536                      -11.909522
               5.3800001                      -11.830518
               5.4064002                      -11.767481
               5.4327998                       -11.72137
               5.4591999                      -11.691912
                  5.4856                      -11.677707
               5.5120001                      -11.676456
               5.5384002                      -11.685252
               5.5647998                      -11.700957
               5.5911999                      -11.720603
                  5.6176                      -11.741785
               5.6440001                      -11.762958
               5.6704001                      -11.783618
               5.6968002                      -11.804299
               5.7231998                      -11.826389
               5.7495999                      -11.851805
                   5.776                      -11.882547
               5.8024001                      -11.920244
               5.8288002                      -11.965689
               5.8551998                      -12.018487
               5.8815999                      -12.076797
                   5.908                      -12.137257
               5.9344001                      -12.195107
               5.9608002                      -12.244554
               5.9871998                      -12.279374
               6.0135999                      -12.293704
                    6.04                      -12.282921
               6.0664001                      -12.244392
               6.0928001                      -12.177944
               6.1192002                      -12.085893
               6.1455998                      -11.972643
               6.1719999                      -11.843962
                  6.1984                      -11.706118
               6.2248001                       -11.56509
               6.2512002                      -11.425918
               6.2775998                      -11.292337
               6.3039999                      -11.166593
                  6.3304                      -11.049503
               6.3568001                      -10.940652
               6.3832002                      -10.838706
               6.4095998                       -10.74182
               6.4359999                      -10.648071
                  6.4624                      -10.555872
                  6.4888                      -10.464327
               6.5152001                      -10.373457
               6.5416002                       -10.28429
               6.5679998                      -10.198789
               6.5943999                      -10.119649
                  6.6208                      -10.050007
               6.6472001                      -9.9931151
               6.6736002                       -9.952013
               6.6999998                      -9.9292566
               6.7263999                      -9.9267027
                  6.7528                      -9.9453634
               6.7792001                      -9.9853334
               6.8056002                      -10.045796
               6.8319998                      -10.125095
               6.8583999                      -10.220878
                  6.8848                       -10.33032
                  6.9112                      -10.450404
               6.9376001                      -10.578256
               6.9640002                      -10.711495
               6.9903998                      -10.848549
               7.0167999                      -10.988897
                  7.0432                      -11.133187
               7.0696001                       -11.28322
               7.0960002                      -11.441779
               7.1223998                      -11.612368
               7.1487999                      -11.798872
                  7.1752                      -12.005212
               7.2016001                      -12.235019
               7.2280002                      -12.491355
               7.2543998                      -12.776503
               7.2807999                      -13.091805
                  7.3072                      -13.437567
                  7.3336                      -13.812995
               7.3600001                      -14.216165
               7.3864002                      -14.644018
               7.4127998                      -15.092312
               7.4391999                      -15.555526
                  7.4656                      -16.026615
               7.4920001                      -16.496534
               7.5184002                      -16.953495
               7.5447998                      -17.381973
               7.5711999                       -17.76178
                  7.5976                      -18.067878
               7.6240001                      -18.271995
               7.6504002                      -18.346976
               7.6767998                      -18.273532
               7.7031999                      -18.046875
                  7.7296                      -17.679483
                   7.756                      -17.198098
               7.7824001                      -16.636727
               7.8088002                      -16.029362
               7.8351998                      -15.405119
               7.8615999                      -14.786261
                   7.888                       -14.18823
               7.9144001                      -13.620649
               7.9408002                      -13.088551
               7.9671998                      -12.593527
               7.9935999                      -12.134656
               8.0200005                      -11.709277
               8.0464001                      -11.313596
               8.0727997                      -10.943247
               8.0992002                      -10.593776
               8.1255999                      -10.261102
               8.1520004                      -9.9419191
                  8.1784                      -9.6340122
               8.2047997                      -9.3364433
               8.2312002                      -9.0496112
               8.2575998                      -8.7751435
               8.2840004                      -8.5156786
                  8.3104                      -8.2745519
               8.3367996                      -8.0554444
               8.3632002                      -7.8620264
               8.3895998                      -7.6976217
               8.4160004                      -7.5649058
                  8.4424                      -7.4656135
               8.4687996                      -7.4002573
               8.4952002                      -7.3678298
               8.5215998                      -7.3654741
               8.5480003                      -7.3881411
               8.5743999                      -7.4282646
               8.6007996                      -7.4755733
               8.6272001                      -7.5171848
               8.6535997                      -7.5382163
               8.6800003                       -7.523093
               8.7063999                       -7.457574
               8.7327995                      -7.3311669
               8.7592001                       -7.139231
               8.7855997                      -6.8840095
               8.8120003                      -6.5741325
               8.8383999                      -6.2228406
               8.8648005                      -5.8455955
               8.8912001                      -5.4578993
               8.9175997                      -5.0737341
               8.9440002                      -4.7047458
               8.9703999                      -4.3600212
               8.9968004                      -4.0462134
                  9.0232                      -3.7678471
               9.0495996                       -3.527656
               9.0760002                      -3.3268935
               9.1023998                      -3.1655861
               9.1288004                      -3.0427192
                  9.1552                      -2.9563733
               9.1815996                      -2.9038202
               9.2080002                      -2.8815917
               9.2343998                      -2.8855624
               9.2608004                      -2.9110327
                  9.2872                      -2.9528685
               9.3135996                      -3.0056836
               9.3400002                      -3.0640942
               9.3663998                      -3.1230195
               9.3928003                      -3.1780096
               9.4191999                      -3.2255613
               9.4455996                      -3.2633656
               9.4720001                      -3.2904305
               9.4983997                      -3.3070661
               9.5248003                      -3.3147169
               9.5511999                      -3.3156759
               9.5775995                      -3.3127285
               9.6040001                      -3.3087874
               9.6303997                      -3.3065535
               9.6568003                      -3.3082526
               9.6831999                      -3.3154461
               9.7096004                      -3.3289353
               9.7360001                      -3.3487444
               9.7623997                      -3.3741753
               9.7888002                      -3.4039289
               9.8151999                      -3.4362839
               9.8416004                      -3.4693057
                   9.868                       -3.501077
               9.8943996                      -3.5299345
               9.9208002                      -3.5546583
               9.9471998                      -3.5746166
               9.9736004                      -3.5898314
                      10                      -3.6009572
                 10.0264                      -3.6091874
                 10.0528                      -3.6160952
                 10.0792                      -3.6234405
                 10.1056                      -3.6329735
                  10.132                      -3.6462484
                 10.1584                      -3.6644852
                 10.1848                      -3.6884634
                 10.2112                      -3.7184853
                 10.2376                       -3.754378
                  10.264                      -3.7955548
                 10.2904                       -3.841114
                 10.3168                      -3.8899647
                 10.3432                      -3.9409865
                 10.3696                      -3.9931722
                  10.396                      -4.0457738
                 10.4224                      -4.0984047
                 10.4488                      -4.1511077
                 10.4752                      -4.2043576
                 10.5016                      -4.2590283
                  10.528                      -4.3163032
                 10.5544                        -4.37756
                 10.5808                      -4.4442409
                 10.6072                      -4.5177294
                 10.6336                      -4.5992275
                   10.66                      -4.6896832
                 10.6864                      -4.7897281
                 10.7128                      -4.8996644
                 10.7392                      -5.0194812
                 10.7656                       -5.148902
                  10.792                      -5.2874601
                 10.8184                      -5.4345886
                 10.8448                       -5.589727
                 10.8712                      -5.7524151
                 10.8976                      -5.9223824
                  10.924                       -6.099611
                 10.9504                      -6.2843605
                 10.9768                      -6.4771704
                 11.0032                      -6.6788101
                 11.0296                      -6.8902104
                  11.056                      -7.1123571
                 11.0824                      -7.3461847
                 11.1088                      -7.5924501
                 11.1352                      -7.8516213
                 11.1616                      -8.1237736
                  11.188                       -8.408511
                 11.2144                      -8.7049032
                 11.2408                      -9.0114634
                 11.2672                      -9.3261501
                 11.2936                       -9.646417
                   11.32                      -9.9692865
                 11.3464                      -10.291464
                 11.3728                      -10.609475
                 11.3992                      -10.919811
                 11.4256                      -11.219073
                  11.452                       -11.50409
                 11.4784                      -11.771996
                 11.5048                      -12.020258
                 11.5312                      -12.246663
                 11.5576                      -12.449279
                  11.584                      -12.626388
                 11.6104                      -12.776454
                 11.6368                      -12.898103
                 11.6632                       -12.99015
                 11.6896                      -13.051651
                  11.716                      -13.081986
                 11.7424                      -13.080925
                 11.7688                      -13.048686
                 11.7952                      -12.985957
                 11.8216                      -12.893881
                  11.848                      -12.774016
                 11.8744                       -12.62828
                 11.9008                      -12.458893
                 11.9272                      -12.268321
                 11.9536                       -12.05923
                   11.98                      -11.834445
                 12.0064                      -11.596896
                 12.0328                      -11.349571
                 12.0592                      -11.095442
                 12.0856                       -10.83739
                  12.112                      -10.578119
                 12.1384                      -10.320082
                 12.1648                      -10.065405
                 12.1912                      -9.8158318
                 12.2176                      -9.5727054
                  12.244                       -9.336954
                 12.2704                      -9.1091252
                 12.2968                      -8.8894292
                 12.3232                       -8.677818
                 12.3496                      -8.4740661
                  12.376                      -8.2778763
                 12.4024                      -8.0889716
                 12.4288                      -7.9071839
                 12.4552                      -7.7325273
                 12.4816                      -7.5652387
                  12.508                      -7.4057977
                 12.5344                      -7.2549069
                 12.5608                      -7.1134506
                 12.5872                      -6.9824277
                 12.6136                      -6.8628713
                   12.64                      -6.7557609
                 12.6664                      -6.6619328
                 12.6928                      -6.5819981
                 12.7192                      -6.5162831
                 12.7456                      -6.4647683
                  12.772                      -6.4270615
                 12.7984                      -6.4023909
                 12.8248                      -6.3896125
                 12.8512                      -6.3872507
                 12.8776                      -6.3935574
                  12.904                      -6.4065921
                 12.9304                      -6.4243203
                 12.9568                      -6.4447233
                 12.9832                      -6.4659094
                 13.0096                      -6.4862098
                  13.036                      -6.5042599
                 13.0624                      -6.5190499
                 13.0888                      -6.5299347
                 13.1152                      -6.5366141
                 13.1416                      -6.5390768
                  13.168                      -6.5375251
                 13.1944                      -6.5322919
                 13.2208                      -6.5237614
                 13.2472                      -6.5122986
                 13.2736                      -6.4982143
                    13.3                      -6.4817417
                 13.3264                      -6.4630507
                 13.3528                      -6.4422745
                 13.3792                      -6.4195559
                 13.4056                        -6.39509
                  13.432                      -6.3691713
                 13.4584                      -6.3422217
                 13.4848                      -6.3147962
                 13.5112                      -6.2875767
                 13.5376                      -6.2613326
                  13.564                      -6.2368759
                 13.5904                      -6.2149993
                 13.6168                      -6.1964118
                 13.6432                      -6.1816793
                 13.6696                      -6.1711769
                  13.696                      -6.1650552
                 13.7224                      -6.1632275
                 13.7488                      -6.1653765
                 13.7752                      -6.1709804
                 13.8016                      -6.1793593
                  13.828                      -6.1897361
                 13.8544                      -6.2013008
                 13.8808                      -6.2132796
                 13.9072                      -6.2249998
                 13.9336                      -6.2359373
                   13.96                      -6.2457481
                 13.9864                      -6.2542807
                 14.0128                      -6.2615638
                 14.0392                      -6.2677711
                 14.0656                      -6.2731866
                  14.092                      -6.2781464
                 14.1184                      -6.2829922
                 14.1448                      -6.2880272
                 14.1712                      -6.2934836
                 14.1976                      -6.2995121
                  14.224                      -6.3061797
                 14.2504                      -6.3134924
                 14.2768                      -6.3214196
                 14.3032                        -6.32994
                 14.3296                      -6.3390712
                  14.356                      -6.3489128
                 14.3824                      -6.3596674
                 14.4088                      -6.3716527
                 14.4352                      -6.3852981
                 14.4616                      -6.4011199
                  14.488                      -6.4196925
                 14.5144                      -6.4415949
                 14.5408                      -6.4673679
                 14.5672                      -6.4974559
                 14.5936                      -6.5321674
                   14.62                       -6.571632
                 14.6464                      -6.6157831
                 14.6728                      -6.6643443
                 14.6992                       -6.716844
                 14.7256                       -6.772639
                  14.752                      -6.8309539
                 14.7784                      -6.8909336
                 14.8048                      -6.9517051
                 14.8312                      -7.0124338
                 14.8576                      -7.0723833
                  14.884                      -7.1309581
                 14.9104                      -7.1877294
                 14.9368                      -7.2424504
                 14.9632                      -7.2950363
                 14.9896                      -7.3455386
                  15.016                      -7.3940984
                 15.0424                      -7.4408961
                 15.0688                      -7.4860932
                 15.0952                      -7.5297901
                 15.1216                       -7.571987
                  15.148                       -7.612567
                 15.1744                      -7.6512957
                 15.2008                      -7.6878423
                 15.2272                      -7.7218108
                 15.2536                      -7.7527968
                   15.28                      -7.7804325
                 15.3064                      -7.8044433
                 15.3328                      -7.8246879
                 15.3592                      -7.8411862
                 15.3856                      -7.8541267
                  15.412                      -7.8638504
                 15.4384                      -7.8708151
                 15.4648                      -7.8755446
                 15.4912                      -7.8785669
                 15.5176                      -7.8803529
                  15.544                      -7.8812558
                 15.5704                      -7.8814667
                 15.5968                      -7.8809863
                 15.6232                       -7.879615
                 15.6496                      -7.8769692
                  15.676                      -7.8725126
                 15.7024                      -7.8656115
                 15.7288                      -7.8555934
                 15.7552                      -7.8418174
                 15.7816                      -7.8237345
                  15.808                      -7.8009401
                 15.8344                      -7.7732094
                 15.8608                      -7.7404996
                 15.8872                      -7.7029432
                 15.9136                      -7.6608079
                   15.94                      -7.6144465
                 15.9664                      -7.5642344
                 15.9928                       -7.510516
               16.019199                      -7.4535448
               16.045601                       -7.393457
               16.072001                      -7.3302477
                 16.0984                      -7.2637825
                 16.1248                      -7.1938214
               16.151199                      -7.1200652
               16.177601                      -7.0422114
                  16.204                      -6.9600147
                 16.2304                      -6.8733463
                 16.2568                      -6.7822367
               16.283199                      -6.6869064
               16.309601                      -6.5877705
                  16.336                      -6.4854253
                 16.3624                       -6.380613
                 16.3888                      -6.2741748
               16.415199                      -6.1669924
               16.441601                      -6.0599328
                  16.468                      -5.9537962
                 16.4944                      -5.8492766
                 16.5208                      -5.7469371
               16.547199                      -5.6471955
               16.573601                      -5.5503395
                    16.6                      -5.4565342
                 16.6264                      -5.3658609
                 16.6528                      -5.2783488
               16.679199                      -5.1940179
               16.705601                      -5.1129056
                  16.732                      -5.0351038
                 16.7584                      -4.9607728
                 16.7848                        -4.89015
               16.811199                      -4.8235459
               16.837601                      -4.7613247
                  16.864                      -4.7038811
                 16.8904                       -4.651611
                 16.9168                      -4.6048718
               16.943199                      -4.5639566
               16.969601                      -4.5290629
                  16.996                      -4.5002752
                 17.0224                      -4.4775486
                 17.0488                      -4.4607161
               17.075199                      -4.4494914
               17.101601                      -4.4434959
                  17.128                      -4.4422763
                 17.1544                      -4.4453479
               17.180799                      -4.4522201
               17.207199                      -4.4624385
               17.233601                      -4.4756064
                   17.26                      -4.4914063
                 17.2864                      -4.5096157
               17.312799                      -4.5301015
               17.339199                      -4.5528074
               17.365601                      -4.5777383
                  17.392                      -4.6049268
                 17.4184                      -4.6344115
               17.444799                      -4.6661946
               17.471201                      -4.7002296
               17.497601                       -4.736398
                  17.524                      -4.7745044
                 17.5504                      -4.8142754
               17.576799                      -4.8553857
               17.603201                      -4.8974778
               17.629601                      -4.9401942
                  17.656                      -4.9832166
                 17.6824                      -5.0263008
               17.708799                      -5.0693105
               17.735201                      -5.1122339
                 17.7616                      -5.1551958
                  17.788                      -5.1984563
                 17.8144                      -5.2423905
               17.840799                      -5.2874618
               17.867201                      -5.3341847
                 17.8936                      -5.3830848
                   17.92                      -5.4346601
                 17.9464                      -5.4893446
               17.972799                      -5.5474805
               17.999201                      -5.6092988
                 18.0256                      -5.6749178
                  18.052                       -5.744343
                 18.0784                      -5.8174835
               18.104799                      -5.8941778
               18.131201                      -5.9742184
                 18.1576                       -6.057382
                  18.184                      -6.1434547
                 18.2104                      -6.2322544
               18.236799                      -6.3236406
               18.263201                      -6.4175167
                 18.2896                       -6.513822
                  18.316                      -6.6125135
                 18.3424                      -6.7135387
               18.368799                      -6.8168093
               18.395201                      -6.9221739
                 18.4216                      -7.0293959
                  18.448                      -7.1381388
                 18.4744                      -7.2479667
               18.500799                      -7.3583594
               18.527201                       -7.468734
                 18.5536                      -7.5784888
                   18.58                      -7.6870472
                 18.6064                      -7.7939092
               18.632799                      -7.8986951
               18.659201                       -8.001188
                 18.6856                      -8.1013449
                  18.712                      -8.1993051
                 18.7384                      -8.2953672
               18.764799                      -8.3899502
               18.791201                       -8.483537
                 18.8176                      -8.5766144
                  18.844                      -8.6696064
               18.870399                       -8.762817
               18.896799                      -8.8563879
               18.923201                      -8.9502721
                 18.9496                      -9.0442301
                  18.976                      -9.1378513
               19.002399                      -9.2306006
               19.028799                      -9.3218766
               19.055201                      -9.4110824
                 19.0816                       -9.497705
                  19.108                       -9.581382
               19.134399                      -9.6619529
               19.160801                      -9.7394827
               19.187201                      -9.8142724
                 19.2136                      -9.8868105
                   19.24                      -9.9577363
               19.266399                      -10.027753
               19.292801                      -10.097551
               19.319201                      -10.167725
                 19.3456                      -10.238709
                  19.372                      -10.310719
               19.398399                      -10.383737
               19.424801                       -10.45751
                 19.4512                      -10.531589
                 19.4776                      -10.605383
                  19.504                      -10.678242
               19.530399                      -10.749545
               19.556801                      -10.818787
                 19.5832                      -10.885659
                 19.6096                      -10.950104
                  19.636                       -11.01234
               19.662399                      -11.072847
               19.688801                      -11.132328
                 19.7152                      -11.191637
                 19.7416                      -11.251688
                  19.768                      -11.313364
               19.794399                      -11.377422
               19.820801                      -11.444426
                 19.8472                      -11.514693
                 19.8736                       -11.58827
                    19.9                      -11.664955
               19.926399                      -11.744329
               19.952801                      -11.825835
                 19.9792                      -11.908863
                 20.0056                      -11.992843
                  20.032                      -12.077355
               20.058399                      -12.162199
               20.084801                      -12.247451
                 20.1112                      -12.333481
                 20.1376                      -12.420927
                  20.164                      -12.510631
               20.190399                      -12.603547
               20.216801                      -12.700618
                 20.2432                      -12.802651
                 20.2696                       -12.91019
                  20.296                      -13.023403
               20.322399                         -13.142
               20.348801                      -13.265181
                 20.3752                      -13.391624
                 20.4016                      -13.519523
               20.427999                      -13.646666
               20.454399                      -13.770567
               20.480801                      -13.888616
                 20.5072                      -13.998261
                 20.5336                      -14.097167
               20.559999                      -14.183359
               20.586399                      -14.255294
               20.612801                      -14.311877
                 20.6392                      -14.352402
                 20.6656                      -14.376437
               20.691999                      -14.383687
               20.718399                      -14.373864
               20.744801                      -14.346592
                 20.7712                      -14.301397
                 20.7976                      -14.237748
               20.823999                      -14.155206
               20.850401                      -14.053594
               20.876801                      -13.933201
                 20.9032                      -13.794955
                 20.9296                      -13.640525
               20.955999                      -13.472336
               20.982401                      -13.293488
               21.008801                      -13.107597
                 21.0352                      -12.918574
                 21.0616                        -12.7304
               21.087999                      -12.546906
               21.114401                      -12.371595
                 21.1408                      -12.207507
                 21.1672                      -12.057146
                 21.1936                      -11.922442
               21.219999                      -11.804761
               21.246401                      -11.704939
                 21.2728                      -11.623346
                 21.2992                      -11.559962
                 21.3256                      -11.514463
               21.351999                       -11.48631
               21.378401                      -11.474835
                 21.4048                      -11.479335
                 21.4312                      -11.499119
                 21.4576                       -11.53358
               21.483999                      -11.582206
               21.510401                      -11.644589
                 21.5368                      -11.720403
                 21.5632                       -11.80935
                 21.5896                      -11.911093
               21.615999                      -12.025176
               21.642401                      -12.150938
                 21.6688                      -12.287437
                 21.6952                      -12.433391
                 21.7216                      -12.587148
               21.747999                      -12.746706
               21.774401                      -12.909782
                 21.8008                      -13.073931
                 21.8272                       -13.23673
                 21.8536                      -13.395979
               21.879999                      -13.549929
               21.906401                      -13.697476
                 21.9328                      -13.838293
                 21.9592                      -13.972862
                 21.9856                      -14.102412
               22.011999                      -14.228736
               22.038401                      -14.353923
                 22.0648                      -14.480051
                 22.0912                      -14.608856
               22.117599                      -14.741426
               22.143999                      -14.877966
               22.170401                      -15.017618
                 22.1968                       -15.15842
                 22.2232                      -15.297372
               22.249599                      -15.430655
               22.275999                      -15.554001
               22.302401                      -15.663185
                 22.3288                      -15.754582
                 22.3552                        -15.8257
               22.381599                      -15.875584
               22.408001                      -15.904981
               22.434401                      -15.916248
                 22.4608                      -15.913007
                 22.4872                      -15.899628
               22.513599                      -15.880665
               22.540001                      -15.860316
               22.566401                      -15.842011
                 22.5928                      -15.828147
                 22.6192                      -15.819965
               22.645599                      -15.817583
               22.672001                      -15.820157
                 22.6984                      -15.826144
                 22.7248                       -15.83364
                 22.7512                      -15.840754
               22.777599                      -15.845985
               22.804001                      -15.848537
                 22.8304                      -15.848521
                 22.8568                      -15.847032
                 22.8832                      -15.846075
               22.909599                      -15.848362
               22.936001                      -15.857029
                 22.9624                      -15.875311
                 22.9888                       -15.90622
                 23.0152                       -15.95227
               23.041599                      -16.015254
               23.068001                       -16.09609
                 23.0944                      -16.194741
                 23.1208                      -16.310187
                 23.1472                      -16.440483
               23.173599                      -16.582871
               23.200001                      -16.733973
                 23.2264                       -16.89004
                 23.2528                      -17.047262
                 23.2792                      -17.202106
               23.305599                      -17.351631
               23.332001                      -17.493749
                 23.3584                      -17.627383
                 23.3848                      -17.752478
                 23.4112                      -17.869883
               23.437599                      -17.981115
               23.464001                      -18.088039
                 23.4904                      -18.192526
                 23.5168                       -18.29613
                 23.5432                        -18.3998
               23.569599                      -18.503663
               23.596001                      -18.606867
                 23.6224                      -18.707504
                 23.6488                       -18.80261
                 23.6752                       -18.88825
               23.701599                      -18.959721
               23.728001                      -19.011883
                 23.7544                      -19.039615
                 23.7808                      -19.038396
               23.807199                       -19.00492
               23.833599                      -18.937665
               23.860001                       -18.83727
                 23.8864                      -18.706651
                 23.9128                      -18.550796
               23.939199                      -18.376275
               23.965599                      -18.190592
               23.992001                      -18.001476
                 24.0184                      -17.816222
                 24.0448                       -17.64114
               24.071199                      -17.481132
               24.097601                      -17.339386
               24.124001                      -17.217162
                 24.1504                      -17.113663
                 24.1768                      -17.025986
               24.203199                      -16.949221
               24.229601                      -16.876716
               24.256001                      -16.800611
                 24.2824                      -16.712671
                 24.3088                       -16.60538
               24.335199                      -16.473154
               24.361601                      -16.313403
                  24.388                      -16.127171
                 24.4144                      -15.919155
                 24.4408                      -15.697099
               24.467199                      -15.470781
               24.493601                      -15.250858
                   24.52                       -15.04784
                 24.5464                      -14.871328
                 24.5728                      -14.729534
               24.599199                      -14.629045
               24.625601                      -14.574731
                  24.652                      -14.569719
                 24.6784                      -14.615369
                 24.7048                      -14.711215
               24.731199                      -14.854827
               24.757601                      -15.041648
                  24.784                      -15.264802
                 24.8104                      -15.515002
                 24.8368                      -15.780673
               24.863199                      -16.048489
               24.889601                      -16.304481
                  24.916                      -16.535729
                 24.9424                      -16.732396
                 24.9688                      -16.889589
               24.995199                      -17.008366
               25.021601                      -17.095494
                  25.048                      -17.162011
                 25.0744                      -17.221107
                 25.1008                      -17.285941
               25.127199                      -17.367867
               25.153601                      -17.475177
                   25.18                      -17.612307
                 25.2064                      -17.779351
                 25.2328                      -17.971746
               25.259199                      -18.180177
               25.285601                       -18.39085
                  25.312                      -18.586455
                 25.3384                      -18.748126
               25.364799                      -18.858417
               25.391199                      -18.904766
               25.417601                      -18.882282
                  25.444                      -18.794679
                 25.4704                      -18.652903
               25.496799                      -18.472105
               25.523199                       -18.26822
               25.549601                      -18.055245
                  25.576                      -17.843637
                 25.6024                      -17.639786
               25.628799                      -17.446214
               25.655199                      -17.262246
               25.681601                      -17.084902
                  25.708                      -16.909896
                 25.7344                       -16.73266
               25.760799                      -16.549248
               25.787201                      -16.357032
               25.813601                      -16.155088
                   25.84                      -15.944206
                 25.8664                      -15.726575
               25.892799                      -15.505251
               25.919201                      -15.283524
               25.945601                      -15.064346
                  25.972                      -14.849882
                 25.9984                      -14.641249
               26.024799                       -14.43846
               26.051201                      -14.240526
                 26.0776                      -14.045714
                  26.104                      -13.851904
                 26.1304                      -13.657005
               26.156799                      -13.459353
               26.183201                      -13.258046
                 26.2096                      -13.053152
                  26.236                      -12.845773
                 26.2624                      -12.637946
               26.288799                       -12.43243
               26.315201                       -12.23241
                 26.3416                      -12.041191
                  26.368                       -11.86191
                 26.3944                       -11.69731
               26.420799                       -11.54958
               26.447201                       -11.42027
                 26.4736                      -11.310261
                    26.5                      -11.219799

